alpha	beta	Jinit	J12	Jmax	theta0
0.5	0.2	2	2	5.4	0.3490658503988659

omega	theta1_i	theta2_i	theta1_f	theta2_f	J1_f	J2_f
0.0	-1.5707963267948966	-1.5707963267948966	-1.0821500148311303e-24	-1.082174903329683e-24	5.400000000000002	5.400000000000002
0.0	-1.5707963267948966	-1.4624655456366278	-5.506406179686189e-23	5.505238067787822e-23	5.399999999999954	5.399999999999954
0.0	-1.5707963267948966	-1.354134764478359	-2.6528016358278997e-24	2.653901129326007e-24	5.400000000000001	5.400000000000001
0.0	-1.5707963267948966	-1.2458039833200902	-1.7620917093778516e-24	1.774151055093116e-24	5.4	5.4
0.0	-1.5707963267948966	-1.1374732021618217	5.892129239707222e-22	-2.1027165323569893e-22	5.400000000026636	5.400000000026482
0.0	-1.5707963267948966	-1.029142421003553	-3.856220561206569e-26	3.8576296842607413e-26	5.4	5.4
0.0	-1.5707963267948966	-0.9208116398452841	3.132925046236235e-24	-3.131600472107466e-24	5.400000000000006	5.400000000000006
0.0	-1.5707963267948966	-0.8124808586870155	-5.261451475019963e-26	5.333789847246747e-26	5.3999999999999995	5.4
0.0	-1.5707963267948966	-0.7041500775287467	1.3498835598349956e-22	-1.3508753840394043e-22	5.400000000000015	5.400000000000015
0.0	-1.5707963267948966	-0.5958192963704779	-5.219361419078703e-25	5.225754847268425e-25	5.399999999999998	5.399999999999999
0.0	-1.5707963267948966	-0.48748851521220926	2.1355539487739444e-19	-2.140403797835873e-19	5.399999999555569	5.399999999571752
0.0	-1.5707963267948966	-0.3791577340539405	-1.3427539467439199e-24	1.3412531500950425e-24	5.4	5.4
0.0	-1.5707963267948966	-0.2708269528956717	2.5253362715763684e-23	-2.156314814818402e-23	5.399999999999956	5.39999999999996
0.0	-1.5707963267948966	-0.16249617173740294	-1.0296542950568424e-22	1.0290844910174167e-22	5.400000000000617	5.400000000000477
0.0	-1.5707963267948966	-0.05416539057913439	-5.164052680432981e-28	5.139147106541127e-28	5.400000000000001	5.4
0.0	-1.5707963267948966	0.05416539057913439	1.119160446547973e-28	-1.117782443659821e-28	5.400000000000001	5.400000000000001
0.0	-1.5707963267948966	0.16249617173740316	-4.279609586244532e-31	4.260259495906842e-31	5.4	5.4
0.0	-1.5707963267948966	0.27082695289567194	6.264998645037338e-28	-6.244670932180636e-28	5.400000000000001	5.4
0.0	-1.5707963267948966	0.3791577340539407	1.3964034294552891e-30	-1.3956615105670628e-30	5.399999999999998	5.399999999999999
0.0	-1.5707963267948966	0.48748851521220926	1.1250600897026873e-26	-1.1249150979540094e-26	5.4	5.4
0.0	-1.5707963267948966	0.595819296370478	2.06906428222204e-24	-2.0234937088056205e-24	5.4	5.4
0.0	-1.5707963267948966	0.7041500775287468	-2.6763708703671694e-26	2.6914367512110023e-26	5.399999999999998	5.399999999999999
0.0	-1.5707963267948966	0.8124808586870156	9.01739249252337e-20	-7.06766865672968e-20	5.400000002567038	5.400000002173892
0.0	-1.5707963267948966	0.9208116398452844	2.5808181240936762e-30	-2.5769881417125664e-30	5.400000000000001	5.400000000000001
0.0	-1.5707963267948966	1.0291424210035531	6.971452723615334e-27	-6.95587151626854e-27	5.4	5.4
0.0	-1.5707963267948966	1.137473202161822	-6.2721717258527275e-27	6.266111831828574e-27	5.400000000000001	5.4
0.0	-1.5707963267948966	1.2458039833200907	-2.1639162750180603e-28	2.1593799738334234e-28	5.4	5.4
0.0	-1.5707963267948966	1.354134764478359	1.5852015295853625e-26	-1.581709972569071e-26	5.400000000000001	5.400000000000001
0.0	-1.5707963267948966	1.4624655456366278	-2.225233399801762e-30	2.2246539855584955e-30	5.4	5.4
0.0	-1.5707963267948966	1.5707963267948966	2.181841906977115e-25	-2.2073512398883797e-25	5.4	5.4
0.0	-1.4624655456366278	-1.5707963267948966	5.505193884013414e-23	-5.505698109794395e-23	5.399999999999954	5.399999999999954
0.0	-1.4624655456366278	-1.4624655456366278	-1.664532039868748e-24	-1.6649408367966335e-24	5.4	5.4
0.0	-1.4624655456366278	-1.354134764478359	1.4576868772477663e-30	-1.457233236173999e-30	5.4	5.4
0.0	-1.4624655456366278	-1.2458039833200902	6.887210773077152e-29	-6.886446457027879e-29	5.400000000000014	5.400000000000014
0.0	-1.4624655456366278	-1.1374732021618217	3.1411269327675776e-28	-3.140818658872157e-28	5.40000000000001	5.40000000000001
0.0	-1.4624655456366278	-1.029142421003553	1.6131189755036117e-29	-1.613823409587649e-29	5.4	5.4
0.0	-1.4624655456366278	-0.9208116398452841	3.6702901500497683e-28	-3.6694305077758655e-28	5.400000000000011	5.400000000000011
0.0	-1.4624655456366278	-0.8124808586870155	5.820773764945783e-26	-8.789047157454394e-26	5.400000000000008	5.4000000000000075
0.0	-1.4624655456366278	-0.7041500775287467	-1.627947044215454e-30	1.62735105663489e-30	5.4	5.4
0.0	-1.4624655456366278	-0.5958192963704779	2.7326688215589384e-27	-2.7312239628098913e-27	5.4000000000000155	5.400000000000015
0.0	-1.4624655456366278	-0.48748851521220926	-4.476175133203334e-23	1.4260535777262616e-23	5.400000000000014	5.400000000000013
0.0	-1.4624655456366278	-0.3791577340539405	-3.538036123308081e-27	3.5390779792021694e-27	5.4	5.4
0.0	-1.4624655456366278	-0.2708269528956717	4.237123435794594e-24	-4.345642120473881e-24	5.4	5.4
0.0	-1.4624655456366278	-0.16249617173740294	8.135451601141158e-31	-8.094386553430741e-31	5.4	5.4
0.0	-1.4624655456366278	-0.05416539057913439	-7.210756843850678e-18	7.214131565475064e-18	5.400000000000033	5.400000000000026
0.0	-1.4624655456366278	0.05416539057913439	3.877474849150948e-27	-5.178823008767682e-27	5.3999999999999995	5.3999999999999995
0.0	-1.4624655456366278	0.16249617173740316	2.4481124612480674e-24	-2.439066738727562e-24	5.4	5.4
0.0	-1.4624655456366278	0.27082695289567194	2.1652162437085164e-24	-2.160246761088727e-24	5.400000000000001	5.400000000000001
0.0	-1.4624655456366278	0.3791577340539407	2.6289544580527093e-30	-2.6296491528004445e-30	5.399999999999999	5.399999999999999
0.0	-1.4624655456366278	0.48748851521220926	7.949281291010103e-26	-7.94955713545977e-26	5.4	5.4
0.0	-1.4624655456366278	0.595819296370478	-1.334182188978292e-28	1.3289273728630683e-28	5.4	5.4
0.0	-1.4624655456366278	0.7041500775287468	-2.310186995938681e-28	2.3028127120926174e-28	5.4	5.4
0.0	-1.4624655456366278	0.8124808586870156	3.2376384762429417e-22	-3.430564330768444e-22	5.3999999999893555	5.399999999990777
0.0	-1.4624655456366278	0.9208116398452844	-7.189226700176981e-26	7.192473290554202e-26	5.3999999999999995	5.3999999999999995
0.0	-1.4624655456366278	1.0291424210035531	-2.0714825990237102e-23	2.072140860659882e-23	5.3999999999999995	5.3999999999999995
0.0	-1.4624655456366278	1.137473202161822	4.120855746059035e-23	-3.627597315919446e-23	5.40000000000001	5.400000000000009
0.0	-1.4624655456366278	1.2458039833200907	1.0459248763889213e-30	-1.0452919366338053e-30	5.4	5.4
0.0	-1.4624655456366278	1.354134764478359	2.6065872086182727e-19	-2.6061114848264117e-19	5.400000000005433	5.400000000005313
0.0	-1.4624655456366278	1.4624655456366278	-9.38046107570275e-27	9.375894910612692e-27	5.4	5.4
0.0	-1.4624655456366278	1.5707963267948966	-2.227007871034637e-30	2.2228509058127816e-30	5.4	5.4
0.0	-1.354134764478359	-1.5707963267948966	2.6576062386139503e-24	-2.650202717170912e-24	5.400000000000001	5.400000000000001
0.0	-1.354134764478359	-1.4624655456366278	-1.4573789379100663e-30	1.4575380218725797e-30	5.4	5.4
0.0	-1.354134764478359	-1.354134764478359	5.987159054060049e-22	5.9096677436688555e-22	5.4	5.4
0.0	-1.354134764478359	-1.2458039833200902	-2.0102728672434542e-28	2.0101650519861738e-28	5.400000000000013	5.400000000000014
0.0	-1.354134764478359	-1.1374732021618217	-3.5240052627046493e-22	3.4097335592146095e-22	5.399999999998727	5.399999999998732
0.0	-1.354134764478359	-1.029142421003553	-2.524035805829806e-29	2.4748881781251796e-29	5.3999999999999995	5.3999999999999995
0.0	-1.354134764478359	-0.9208116398452841	7.883914047376315e-23	-7.851290821951637e-23	5.399999999999838	5.3999999999998405
0.0	-1.354134764478359	-0.8124808586870155	4.486420667896937e-27	-4.4829059099572184e-27	5.4	5.4
0.0	-1.354134764478359	-0.7041500775287467	-2.520584903857689e-27	2.513342770552691e-27	5.400000000000001	5.400000000000001
0.0	-1.354134764478359	-0.5958192963704779	3.52563343589605e-28	-4.07455279308568e-28	5.3999999999999995	5.3999999999999995
0.0	-1.354134764478359	-0.48748851521220926	-3.8748748176109995e-25	-5.926078674888492e-25	5.399999999999982	5.399999999999983
0.0	-1.354134764478359	-0.3791577340539405	6.683243423518093e-24	3.3970192575403e-24	5.4000000000000155	5.400000000000015
0.0	-1.354134764478359	-0.2708269528956717	4.101540834560385e-27	-3.939121487440644e-27	5.4	5.4
0.0	-1.354134764478359	-0.16249617173740294	2.4459518707973158e-23	-2.444954640262233e-23	5.3999999999999995	5.3999999999999995
0.0	-1.354134764478359	-0.05416539057913439	-8.308416621701793e-26	8.308045488379269e-26	5.4	5.4
0.0	-1.354134764478359	0.05416539057913439	-8.717059087982443e-26	8.68196254066454e-26	5.400000000000001	5.400000000000001
0.0	-1.354134764478359	0.16249617173740316	-5.155358698435702e-30	5.185952754178818e-30	5.4	5.4
0.0	-1.354134764478359	0.27082695289567194	-3.4930051112093254e-27	3.500430086721618e-27	5.4	5.4
0.0	-1.354134764478359	0.3791577340539407	-4.56772644879107e-21	4.5632695588614414e-21	5.400000000001445	5.400000000001138
0.0	-1.354134764478359	0.48748851521220926	6.213982737928861e-28	-6.224840654899952e-28	5.4	5.4
0.0	-1.354134764478359	0.595819296370478	-3.9826937227487213e-28	3.9608110217704296e-28	5.400000000000013	5.400000000000011
0.0	-1.354134764478359	0.7041500775287468	2.724269948145733e-25	-2.724374669176755e-25	5.3999999999999995	5.4
0.0	-1.354134764478359	0.8124808586870156	7.170489242763837e-30	-7.161671679884798e-30	5.400000000000001	5.400000000000001
0.0	-1.354134764478359	0.9208116398452844	-3.853965929884755e-30	3.8584964148707205e-30	5.4	5.4
0.0	-1.354134764478359	1.0291424210035531	4.167521976750288e-25	-4.152329071183887e-25	5.4	5.4
0.0	-1.354134764478359	1.137473202161822	8.634826702393948e-29	-8.632573804158651e-29	5.400000000000002	5.400000000000002
0.0	-1.354134764478359	1.2458039833200907	-1.308965968471303e-25	1.3102636845161596e-25	5.4	5.4
0.0	-1.354134764478359	1.354134764478359	9.721656610055933e-32	-9.721608541799779e-32	5.4	5.4
0.0	-1.354134764478359	1.4624655456366278	2.606081673341773e-19	-2.6066153892877243e-19	5.400000000005313	5.400000000005433
0.0	-1.354134764478359	1.5707963267948966	1.583583964754924e-26	-1.5837970622727005e-26	5.400000000000001	5.400000000000001
0.0	-1.2458039833200902	-1.5707963267948966	1.7529046570903466e-24	-1.7874859597011414e-24	5.4	5.4
0.0	-1.2458039833200902	-1.4624655456366278	-6.886447062373481e-29	6.887210222740304e-29	5.400000000000014	5.400000000000014
0.0	-1.2458039833200902	-1.354134764478359	2.0101650017316563e-28	-2.0102729261269547e-28	5.400000000000014	5.400000000000013
0.0	-1.2458039833200902	-1.2458039833200902	-7.019683448544689e-23	-7.014347822854053e-23	5.4	5.4
0.0	-1.2458039833200902	-1.1374732021618217	5.922626168205416e-30	-5.920157203621859e-30	5.4	5.4
0.0	-1.2458039833200902	-1.029142421003553	5.2514174797442376e-33	-5.251476948889749e-33	5.4	5.4
0.0	-1.2458039833200902	-0.9208116398452841	2.9254151965727155e-26	-2.9296873845231245e-26	5.4	5.4
0.0	-1.2458039833200902	-0.8124808586870155	4.765294881422607e-31	-4.764499094661491e-31	5.4	5.4
0.0	-1.2458039833200902	-0.7041500775287467	2.1229120276440618e-22	-2.12303920264983e-22	5.400000000001397	5.400000000001366
0.0	-1.2458039833200902	-0.5958192963704779	2.6994535939807323e-28	-2.696818587369188e-28	5.4	5.4
0.0	-1.2458039833200902	-0.48748851521220926	4.2667230337405686e-20	-4.5970246386853765e-21	5.400000000534726	5.400000000510878
0.0	-1.2458039833200902	-0.3791577340539405	1.702367394677379e-22	-1.7086290607654247e-22	5.399999999999999	5.3999999999999995
0.0	-1.2458039833200902	-0.2708269528956717	7.782192299539858e-26	-7.792257468004815e-26	5.4	5.4
0.0	-1.2458039833200902	-0.16249617173740294	-1.2891251476992873e-24	1.2895759000062894e-24	5.4	5.4
0.0	-1.2458039833200902	-0.05416539057913439	9.727936846963986e-30	-9.67500134359388e-30	5.4	5.4
0.0	-1.2458039833200902	0.05416539057913439	-7.444323926315847e-28	7.633326705307636e-28	5.4	5.4
0.0	-1.2458039833200902	0.16249617173740316	-4.737632956988157e-30	4.732122735180389e-30	5.4	5.4
0.0	-1.2458039833200902	0.27082695289567194	2.3357904351407444e-28	-2.334767069312665e-28	5.400000000000001	5.400000000000001
0.0	-1.2458039833200902	0.3791577340539407	1.701770757612905e-25	-1.7009362638564408e-25	5.3999999999999995	5.3999999999999995
0.0	-1.2458039833200902	0.48748851521220926	3.5380471454578634e-23	-3.430427506122545e-23	5.400000000000002	5.400000000000001
0.0	-1.2458039833200902	0.595819296370478	5.809665785712618e-31	-5.951179652952671e-31	5.4	5.4
0.0	-1.2458039833200902	0.7041500775287468	1.9033866116244826e-24	1.1062678419613528e-24	5.399999999999984	5.399999999999986
0.0	-1.2458039833200902	0.8124808586870156	2.4939824108078905e-26	-2.48745125506199e-26	5.4	5.4
0.0	-1.2458039833200902	0.9208116398452844	-4.998908335637899e-18	5.010912459601021e-18	5.40000000000086	5.400000000000801
0.0	-1.2458039833200902	1.0291424210035531	-1.4558180030441909e-27	1.4548094080157244e-27	5.4	5.4
0.0	-1.2458039833200902	1.137473202161822	2.485679178133016e-30	-2.490007414687205e-30	5.4	5.4
0.0	-1.2458039833200902	1.2458039833200907	-1.369586786439697e-25	1.3638296841036809e-25	5.4	5.4
0.0	-1.2458039833200902	1.354134764478359	-1.7118725151791468e-25	1.7118673807556345e-25	5.4	5.4
0.0	-1.2458039833200902	1.4624655456366278	2.5869391567340602e-27	-2.6006184377432794e-27	5.400000000000001	5.400000000000001
0.0	-1.2458039833200902	1.5707963267948966	-1.9078492900836062e-21	2.1762754486667183e-21	5.399999999999185	5.399999999999128
0.0	-1.1374732021618217	-1.5707963267948966	-2.103148089923048e-22	5.891705425576422e-22	5.400000000026482	5.400000000026636
0.0	-1.1374732021618217	-1.4624655456366278	-3.14081888955496e-28	3.141126685766348e-28	5.40000000000001	5.40000000000001
0.0	-1.1374732021618217	-1.354134764478359	3.4095771456891426e-22	-3.524141430817723e-22	5.399999999998731	5.399999999998727
0.0	-1.1374732021618217	-1.2458039833200902	-5.9211830561345545e-30	5.920989281415715e-30	5.4	5.4
0.0	-1.1374732021618217	-1.1374732021618217	-1.179590212005315e-24	-1.1796145255177794e-24	5.400000000000003	5.400000000000003
0.0	-1.1374732021618217	-1.029142421003553	-9.858525162080009e-24	1.0129161729516695e-23	5.4	5.4
0.0	-1.1374732021618217	-0.9208116398452841	1.2374490009312107e-25	-1.237995767298306e-25	5.400000000000002	5.400000000000002
0.0	-1.1374732021618217	-0.8124808586870155	1.8430084873006233e-30	-1.8430577542437775e-30	5.399999999999997	5.399999999999997
0.0	-1.1374732021618217	-0.7041500775287467	-6.68152881073445e-26	6.713216662099483e-26	5.399999999999999	5.399999999999999
0.0	-1.1374732021618217	-0.5958192963704779	1.714760390967202e-26	-1.7139579901254657e-26	5.400000000000003	5.400000000000003
0.0	-1.1374732021618217	-0.48748851521220926	8.273723977964163e-29	-8.281168316151796e-29	5.4	5.4
0.0	-1.1374732021618217	-0.3791577340539405	-8.980523193100277e-18	3.834978026006359e-18	5.400000000009706	5.400000000009005
0.0	-1.1374732021618217	-0.2708269528956717	1.1439476899518347e-25	-1.146611842614704e-25	5.4	5.4
0.0	-1.1374732021618217	-0.16249617173740294	-4.51448298197918e-30	4.5067160227299224e-30	5.400000000000002	5.400000000000002
0.0	-1.1374732021618217	-0.05416539057913439	2.144702076499731e-25	-2.1459462770425045e-25	5.4	5.4
0.0	-1.1374732021618217	0.05416539057913439	-1.170407799598725e-22	1.1696815705941802e-22	5.400000000000005	5.400000000000004
0.0	-1.1374732021618217	0.16249617173740316	1.1287996235438554e-25	-1.1202023712350606e-25	5.399999999999999	5.399999999999999
0.0	-1.1374732021618217	0.27082695289567194	-9.645567134805113e-29	1.0043208593233816e-28	5.4	5.4
0.0	-1.1374732021618217	0.3791577340539407	6.50662654116439e-29	-6.498904598828209e-29	5.3999999999999995	5.3999999999999995
0.0	-1.1374732021618217	0.48748851521220926	-3.1269009530196744e-23	2.948165488317364e-23	5.4	5.4
0.0	-1.1374732021618217	0.595819296370478	-1.852519129698396e-26	1.8650829600337136e-26	5.4	5.4
0.0	-1.1374732021618217	0.7041500775287468	8.590922844414831e-25	-8.582914342932056e-25	5.400000000000008	5.4000000000000075
0.0	-1.1374732021618217	0.8124808586870156	-3.4723502150773304e-24	3.47252140679117e-24	5.3999999999999995	5.3999999999999995
0.0	-1.1374732021618217	0.9208116398452844	-2.4370366397459786e-25	2.4351975515421483e-25	5.4	5.4
0.0	-1.1374732021618217	1.0291424210035531	7.0696966100400225e-25	-7.064050954658644e-25	5.4	5.4
0.0	-1.1374732021618217	1.137473202161822	1.325805386436637e-25	-1.3254586481617145e-25	5.4	5.4
0.0	-1.1374732021618217	1.2458039833200907	1.0512388858249619e-28	-1.0522194004273602e-28	5.4	5.4
0.0	-1.1374732021618217	1.354134764478359	4.966269868262196e-26	-5.0146827634502573e-26	5.4	5.4
0.0	-1.1374732021618217	1.4624655456366278	4.6744062987814615e-23	-5.247405708449703e-23	5.400000000000011	5.400000000000011
0.0	-1.1374732021618217	1.5707963267948966	-6.628080911775153e-27	6.628249770535077e-27	5.4	5.400000000000001
0.0	-1.029142421003553	-1.5707963267948966	3.8587019592807393e-26	-3.855279708806587e-26	5.4	5.4
0.0	-1.029142421003553	-1.4624655456366278	-1.6139080616151967e-29	1.6131761783537124e-29	5.4	5.4
0.0	-1.029142421003553	-1.354134764478359	2.474880522293095e-29	-2.5240440916576676e-29	5.3999999999999995	5.3999999999999995
0.0	-1.029142421003553	-1.2458039833200902	-5.251484235750029e-33	5.2514133095507296e-33	5.4	5.4
0.0	-1.029142421003553	-1.1374732021618217	1.0014836277956e-23	-9.989476573207908e-24	5.4	5.4
0.0	-1.029142421003553	-1.029142421003553	9.495483382925127e-23	9.499061025554709e-23	5.4	5.4
0.0	-1.029142421003553	-0.9208116398452841	5.625239128120391e-25	-5.625888219243395e-25	5.399999999999999	5.399999999999999
0.0	-1.029142421003553	-0.8124808586870155	-1.42613313340072e-26	1.4076041514294486e-26	5.4	5.4
0.0	-1.029142421003553	-0.7041500775287467	4.431049775303353e-25	-4.434774984573053e-25	5.399999999999998	5.399999999999999
0.0	-1.029142421003553	-0.5958192963704779	-2.6055338595819105e-24	2.6058286614172604e-24	5.3999999999999995	5.3999999999999995
0.0	-1.029142421003553	-0.48748851521220926	-1.7710007997340948e-27	1.7714556463001253e-27	5.4	5.4
0.0	-1.029142421003553	-0.3791577340539405	1.804686102908842e-25	-2.0051673649208793e-25	5.399999999999998	5.399999999999998
0.0	-1.029142421003553	-0.2708269528956717	1.3925780098250024e-25	-1.3721684211601376e-25	5.400000000000002	5.400000000000001
0.0	-1.029142421003553	-0.16249617173740294	-3.111748446049655e-19	3.1159353309747548e-19	5.399999999555555	5.399999999646595
0.0	-1.029142421003553	-0.05416539057913439	-7.623455102150497e-30	7.655794269247469e-30	5.3999999999999995	5.3999999999999995
0.0	-1.029142421003553	0.05416539057913439	1.9497080590001604e-27	-1.946043186188448e-27	5.400000000000002	5.400000000000002
0.0	-1.029142421003553	0.16249617173740316	4.056362261951419e-28	-4.055970829626595e-28	5.4	5.4
0.0	-1.029142421003553	0.27082695289567194	-1.46285347127539e-29	1.4594922159310539e-29	5.4	5.4
0.0	-1.029142421003553	0.3791577340539407	-3.8865901298032065e-26	3.876825604723576e-26	5.400000000000001	5.400000000000001
0.0	-1.029142421003553	0.48748851521220926	-3.843138746832301e-26	3.855001999150255e-26	5.4	5.4
0.0	-1.029142421003553	0.595819296370478	-4.363901427419167e-24	4.191387412505011e-24	5.4	5.4
0.0	-1.029142421003553	0.7041500775287468	-2.2417504359306105e-24	2.253389122159646e-24	5.3999999999999995	5.4
0.0	-1.029142421003553	0.8124808586870156	6.652654597078777e-24	-6.687252610622159e-24	5.400000000000001	5.400000000000001
0.0	-1.029142421003553	0.9208116398452844	4.916336104511398e-24	-4.91619218906633e-24	5.400000000000002	5.400000000000002
0.0	-1.029142421003553	1.0291424210035531	5.3640645387863e-24	-5.367274769061644e-24	5.400000000000272	5.400000000000272
0.0	-1.029142421003553	1.137473202161822	7.148071616235908e-25	-7.145818155054232e-25	5.4	5.4
0.0	-1.029142421003553	1.2458039833200907	2.159841628955629e-24	-2.0714920941526875e-24	5.400000000000002	5.400000000000002
0.0	-1.029142421003553	1.354134764478359	-9.85196131036001e-27	9.881943448623486e-27	5.4	5.4
0.0	-1.029142421003553	1.4624655456366278	-2.0702796639105234e-23	2.0697814029203723e-23	5.4	5.4
0.0	-1.029142421003553	1.5707963267948966	-8.259275532807185e-24	-1.2059189314080284e-23	5.400000000000003	5.400000000000004
0.0	-0.9208116398452841	-1.5707963267948966	-3.1331107426212913e-24	3.1323048015568467e-24	5.400000000000006	5.400000000000006
0.0	-0.9208116398452841	-1.4624655456366278	-3.6694310144459965e-28	3.67028969762273e-28	5.400000000000011	5.400000000000011
0.0	-0.9208116398452841	-1.354134764478359	-7.851342690889699e-23	7.883849022249239e-23	5.3999999999998405	5.399999999999839
0.0	-0.9208116398452841	-1.2458039833200902	-2.9261968099913444e-26	2.930343726413259e-26	5.4	5.4
0.0	-0.9208116398452841	-1.1374732021618217	-1.2368914930552842e-25	1.2383347655767495e-25	5.400000000000002	5.400000000000002
0.0	-0.9208116398452841	-1.029142421003553	-5.624356100846015e-25	5.625861172673518e-25	5.399999999999999	5.399999999999999
0.0	-0.9208116398452841	-0.9208116398452841	2.1955203393035102e-24	2.1955135710488947e-24	5.4	5.4
0.0	-0.9208116398452841	-0.8124808586870155	-4.2549460544927575e-28	4.254283805530414e-28	5.40000000000001	5.40000000000001
0.0	-0.9208116398452841	-0.7041500775287467	8.11418777482451e-28	-8.11148646301432e-28	5.400000000000012	5.400000000000012
0.0	-0.9208116398452841	-0.5958192963704779	-3.531361823038754e-28	3.5289928969153004e-28	5.400000000000011	5.40000000000001
0.0	-0.9208116398452841	-0.48748851521220926	2.945011585991336e-26	-2.962770611341031e-26	5.399999999999999	5.399999999999999
0.0	-0.9208116398452841	-0.3791577340539405	-1.2026571839542528e-26	1.2044166647373514e-26	5.399999999999998	5.399999999999998
0.0	-0.9208116398452841	-0.2708269528956717	-2.356316096991776e-22	2.342587558715591e-22	5.400000000000245	5.400000000000197
0.0	-0.9208116398452841	-0.16249617173740294	1.1960913356356778e-25	-1.193451186470536e-25	5.400000000000001	5.400000000000001
0.0	-0.9208116398452841	-0.05416539057913439	-2.3211084660161223e-28	2.3289216172331045e-28	5.4	5.4
0.0	-0.9208116398452841	0.05416539057913439	1.4902813571544904e-25	-1.4865154865519177e-25	5.400000000000004	5.400000000000003
0.0	-0.9208116398452841	0.16249617173740316	1.2182486469529101e-26	-1.2541115928319576e-26	5.399999999999999	5.3999999999999995
0.0	-0.9208116398452841	0.27082695289567194	8.513722885865212e-27	-3.642944993325583e-26	5.40000000000001	5.400000000000008
0.0	-0.9208116398452841	0.3791577340539407	-5.81627037801292e-21	5.8137276441012596e-21	5.400000000001369	5.400000000001189
0.0	-0.9208116398452841	0.48748851521220926	1.2283864721411404e-21	-1.2286062289810637e-21	5.400000000001245	5.400000000001115
0.0	-0.9208116398452841	0.595819296370478	7.338238786081546e-29	-7.346035437164801e-29	5.4	5.4
0.0	-0.9208116398452841	0.7041500775287468	-1.1155517920540005e-29	1.1158910788152644e-29	5.399999999999997	5.399999999999998
0.0	-0.9208116398452841	0.8124808586870156	2.5030718746623124e-27	-2.500950695441774e-27	5.400000000000001	5.400000000000001
0.0	-0.9208116398452841	0.9208116398452844	5.608369800656343e-19	-5.608229922378015e-19	5.400000002294345	5.400000002294345
0.0	-0.9208116398452841	1.0291424210035531	3.538555491236612e-24	-6.177753491254307e-24	5.400000000000044	5.400000000000045
0.0	-0.9208116398452841	1.137473202161822	-4.524957254176956e-26	4.319809307732484e-26	5.4000000000000075	5.400000000000008
0.0	-0.9208116398452841	1.2458039833200907	2.973268854179184e-29	-2.9739732249967486e-29	5.400000000000001	5.400000000000002
0.0	-0.9208116398452841	1.354134764478359	-3.8367803020838965e-30	3.8355983509614444e-30	5.4	5.4
0.0	-0.9208116398452841	1.4624655456366278	-7.218829912599868e-26	7.218094241953047e-26	5.3999999999999995	5.3999999999999995
0.0	-0.9208116398452841	1.5707963267948966	6.88013659338337e-30	-6.889811355887006e-30	5.400000000000001	5.400000000000001
0.0	-0.8124808586870155	-1.5707963267948966	5.281340368599361e-26	-5.304823043767362e-26	5.4	5.3999999999999995
0.0	-0.8124808586870155	-1.4624655456366278	-8.788193687434306e-26	5.82162351628764e-26	5.4000000000000075	5.400000000000008
0.0	-0.8124808586870155	-1.354134764478359	-4.4876943285921614e-27	4.481663777626585e-27	5.4	5.4
0.0	-0.8124808586870155	-1.2458039833200902	-4.764491202121099e-31	4.7653036107343925e-31	5.4	5.4
0.0	-0.8124808586870155	-1.1374732021618217	-1.843060540298505e-30	1.8430056657856143e-30	5.399999999999997	5.399999999999997
0.0	-0.8124808586870155	-1.029142421003553	1.4278876416756246e-26	-1.4048967490932138e-26	5.4	5.4
0.0	-0.8124808586870155	-0.9208116398452841	4.254284686648624e-28	-4.254945263396528e-28	5.40000000000001	5.40000000000001
0.0	-0.8124808586870155	-0.8124808586870155	-2.2795799876733973e-24	-2.2776551020275936e-24	5.4	5.4
0.0	-0.8124808586870155	-0.7041500775287467	8.78780522849492e-25	-8.790651887482606e-25	5.399999999999999	5.399999999999998
0.0	-0.8124808586870155	-0.5958192963704779	-1.5858246597112498e-23	1.5623428824748363e-23	5.399999999999999	5.3999999999999995
0.0	-0.8124808586870155	-0.48748851521220926	-1.055861119536091e-25	1.0491302025248453e-25	5.400000000000001	5.400000000000001
0.0	-0.8124808586870155	-0.3791577340539405	6.71241431426544e-21	-6.7071589355085216e-21	5.40000000000174	5.400000000001579
0.0	-0.8124808586870155	-0.2708269528956717	2.6629777250386348e-30	-2.6639472521577492e-30	5.399999999999997	5.399999999999998
0.0	-0.8124808586870155	-0.16249617173740294	-5.4395185847816e-24	5.437638932486291e-24	5.3999999999999995	5.3999999999999995
0.0	-0.8124808586870155	-0.05416539057913439	-1.0426525337900367e-30	1.0412362560267487e-30	5.399999999999997	5.399999999999998
0.0	-0.8124808586870155	0.05416539057913439	-1.4101425658746368e-25	1.4068160638824687e-25	5.400000000000001	5.400000000000001
0.0	-0.8124808586870155	0.16249617173740316	2.1010809796455918e-23	-1.97074703902885e-23	5.4	5.4
0.0	-0.8124808586870155	0.27082695289567194	4.133062256155466e-25	-4.136574150453314e-25	5.400000000000001	5.400000000000001
0.0	-0.8124808586870155	0.3791577340539407	-5.32055321188563e-23	8.901771973549033e-24	5.400000000000316	5.400000000000281
0.0	-0.8124808586870155	0.48748851521220926	4.029899501561481e-24	-4.286366339193493e-24	5.4	5.4
0.0	-0.8124808586870155	0.595819296370478	3.203370396860691e-27	-4.946418113665171e-27	5.400000000000009	5.40000000000001
0.0	-0.8124808586870155	0.7041500775287468	-2.114276949239411e-27	1.9317963797600335e-27	5.3999999999999995	5.3999999999999995
0.0	-0.8124808586870155	0.8124808586870156	-4.281682476556688e-25	4.28152359757434e-25	5.399999999999998	5.399999999999998
0.0	-0.8124808586870155	0.9208116398452844	4.800760221989109e-28	-4.829337988824448e-28	5.4	5.4
0.0	-0.8124808586870155	1.0291424210035531	6.708705631861593e-24	-6.662083785913378e-24	5.400000000000001	5.400000000000001
0.0	-0.8124808586870155	1.137473202161822	2.501110545879947e-28	-2.498701826226022e-28	5.399999999999998	5.399999999999998
0.0	-0.8124808586870155	1.2458039833200907	2.491497806797195e-26	-2.4908674352959556e-26	5.4	5.4
0.0	-0.8124808586870155	1.354134764478359	7.073282911678885e-30	-7.081980724898536e-30	5.400000000000001	5.400000000000001
0.0	-0.8124808586870155	1.4624655456366278	3.430693401372866e-22	-3.237778910662757e-22	5.399999999990777	5.3999999999893555
0.0	-0.8124808586870155	1.5707963267948966	2.5828529693950756e-22	2.4045121644269638e-22	5.400000000000242	5.400000000000285
0.0	-0.7041500775287467	-1.5707963267948966	-1.346633676368863e-22	1.3521924294326221e-22	5.400000000000015	5.400000000000015
0.0	-0.7041500775287467	-1.4624655456366278	1.6273580689579906e-30	-1.6279448428686737e-30	5.4	5.4
0.0	-0.7041500775287467	-1.354134764478359	2.513361917798188e-27	-2.5205488264240546e-27	5.400000000000001	5.400000000000001
0.0	-0.7041500775287467	-1.2458039833200902	-2.12291687731063e-22	2.1230104738247203e-22	5.400000000001366	5.400000000001397
0.0	-0.7041500775287467	-1.1374732021618217	6.704047165738583e-26	-6.689159912096932e-26	5.399999999999999	5.399999999999999
0.0	-0.7041500775287467	-1.029142421003553	-4.434807326995983e-25	4.431009053862373e-25	5.399999999999999	5.399999999999998
0.0	-0.7041500775287467	-0.9208116398452841	-8.111496525787056e-28	8.11417626268823e-28	5.400000000000012	5.400000000000012
0.0	-0.7041500775287467	-0.8124808586870155	-8.78595041176674e-25	8.783053860677614e-25	5.399999999999998	5.399999999999999
0.0	-0.7041500775287467	-0.7041500775287467	-2.484396558440676e-25	-2.4843998257767906e-25	5.400000000000005	5.400000000000005
0.0	-0.7041500775287467	-0.5958192963704779	7.746533619727252e-28	-7.752102437598222e-28	5.3999999999999995	5.4
0.0	-0.7041500775287467	-0.48748851521220926	2.560758701282222e-31	-2.5589611941537723e-31	5.4	5.4
0.0	-0.7041500775287467	-0.3791577340539405	-1.6445549727288215e-26	1.647466961175354e-26	5.4	5.4
0.0	-0.7041500775287467	-0.2708269528956717	6.545951138959364e-28	-6.531560243654654e-28	5.400000000000001	5.400000000000001
0.0	-0.7041500775287467	-0.16249617173740294	9.465444335404606e-24	-9.515017880549555e-24	5.3999999999999995	5.3999999999999995
0.0	-0.7041500775287467	-0.05416539057913439	2.1392205250973537e-28	-2.1341909777996518e-28	5.4	5.4
0.0	-0.7041500775287467	0.05416539057913439	1.7026559753356604e-30	-1.7011068317908006e-30	5.400000000000002	5.400000000000001
0.0	-0.7041500775287467	0.16249617173740316	1.7150625497987888e-24	-1.713353256483833e-24	5.400000000000002	5.400000000000001
0.0	-0.7041500775287467	0.27082695289567194	1.725164943935952e-27	-1.7265464583394038e-27	5.4	5.4
0.0	-0.7041500775287467	0.3791577340539407	1.0818443888785434e-24	-1.0821639063652455e-24	5.3999999999999995	5.4
0.0	-0.7041500775287467	0.48748851521220926	-3.54478980734797e-26	3.573494051391931e-26	5.3999999999999995	5.399999999999999
0.0	-0.7041500775287467	0.595819296370478	-7.815368199592868e-30	7.811494866471406e-30	5.4	5.4
0.0	-0.7041500775287467	0.7041500775287468	1.0621181909777124e-24	-1.050878181657047e-24	5.4	5.4
0.0	-0.7041500775287467	0.8124808586870156	-1.9304146094474817e-27	2.113228505280849e-27	5.3999999999999995	5.4
0.0	-0.7041500775287467	0.9208116398452844	2.0334652558182494e-25	-2.0406906873034663e-25	5.400000000000001	5.4
0.0	-0.7041500775287467	1.0291424210035531	-3.370095908233425e-24	3.3582719472139e-24	5.399999999999999	5.3999999999999995
0.0	-0.7041500775287467	1.137473202161822	4.540406904902359e-29	-4.547229968642154e-29	5.4	5.4
0.0	-0.7041500775287467	1.2458039833200907	-1.1060447893220295e-24	-1.9029411254210906e-24	5.399999999999986	5.399999999999984
0.0	-0.7041500775287467	1.354134764478359	2.724880641538352e-25	-2.723978405850375e-25	5.4	5.3999999999999995
0.0	-0.7041500775287467	1.4624655456366278	-2.317428505362324e-28	2.3244298421966555e-28	5.4	5.4
0.0	-0.7041500775287467	1.5707963267948966	-9.376527546971538e-26	9.384307313226581e-26	5.400000000000001	5.400000000000001
0.0	-0.5958192963704779	-1.5707963267948966	5.224671356753289e-25	-5.219817021007458e-25	5.399999999999999	5.399999999999998
0.0	-0.5958192963704779	-1.4624655456366278	-2.7312101423489533e-27	2.7326858170147674e-27	5.400000000000015	5.4000000000000155
0.0	-0.5958192963704779	-1.354134764478359	-4.074534368440747e-28	3.525651577358588e-28	5.3999999999999995	5.3999999999999995
0.0	-0.5958192963704779	-1.2458039833200902	-2.6971948270391474e-28	2.6990593584290423e-28	5.4	5.4
0.0	-0.5958192963704779	-1.1374732021618217	-1.7142101942088718e-26	1.7144337183421224e-26	5.400000000000003	5.400000000000003
0.0	-0.5958192963704779	-1.029142421003553	2.588516940467521e-24	-2.6125737713350923e-24	5.3999999999999995	5.3999999999999995
0.0	-0.5958192963704779	-0.9208116398452841	3.5289934179035672e-28	-3.5313613530873386e-28	5.40000000000001	5.400000000000011
0.0	-0.5958192963704779	-0.8124808586870155	1.5734213616647974e-23	-1.5726793865556888e-23	5.3999999999999995	5.399999999999999
0.0	-0.5958192963704779	-0.7041500775287467	-7.750667742647767e-28	7.748625070056382e-28	5.4	5.3999999999999995
0.0	-0.5958192963704779	-0.5958192963704779	2.130360173912412e-25	2.1302920325183803e-25	5.4	5.4
0.0	-0.5958192963704779	-0.48748851521220926	2.0909750195704734e-30	-2.091132361337592e-30	5.399999999999997	5.399999999999998
0.0	-0.5958192963704779	-0.3791577340539405	3.21303514060785e-26	-3.212166360564885e-26	5.4	5.4
0.0	-0.5958192963704779	-0.2708269528956717	-3.6122848270820406e-28	3.6019095690516204e-28	5.400000000000012	5.40000000000001
0.0	-0.5958192963704779	-0.16249617173740294	1.1462813317325884e-25	-1.1456781820416057e-25	5.400000000000001	5.400000000000001
0.0	-0.5958192963704779	-0.05416539057913439	8.199806586704899e-26	-8.219004274093624e-26	5.399999999999998	5.399999999999998
0.0	-0.5958192963704779	0.05416539057913439	1.2424097329075152e-22	-1.226891396929109e-22	5.4	5.4
0.0	-0.5958192963704779	0.16249617173740316	1.2970811946580352e-27	-1.2950275947615494e-27	5.4	5.4
0.0	-0.5958192963704779	0.27082695289567194	-9.333902425263111e-24	9.195913404466961e-23	5.3999999999998405	5.399999999999852
0.0	-0.5958192963704779	0.3791577340539407	4.879602607659868e-28	-4.878339371379587e-28	5.4	5.4
0.0	-0.5958192963704779	0.48748851521220926	1.9381233238947982e-25	-1.9400600415945702e-25	5.399999999999998	5.399999999999999
0.0	-0.5958192963704779	0.595819296370478	2.3567804546536914e-27	-2.351976406229401e-27	5.399999999999999	5.399999999999999
0.0	-0.5958192963704779	0.7041500775287468	-4.2998807030447875e-29	4.299647136404562e-29	5.3999999999999995	5.3999999999999995
0.0	-0.5958192963704779	0.8124808586870156	4.9468179744196195e-27	-3.2036039379322103e-27	5.40000000000001	5.400000000000009
0.0	-0.5958192963704779	0.9208116398452844	7.61482568161997e-29	-7.612365248680043e-29	5.4	5.4
0.0	-0.5958192963704779	1.0291424210035531	4.708924608437383e-18	-4.43262019406286e-18	5.399999999999146	5.399999999999052
0.0	-0.5958192963704779	1.137473202161822	-3.171676054226766e-22	3.1714655221421943e-22	5.399999999999918	5.399999999999906
0.0	-0.5958192963704779	1.2458039833200907	-3.187660537158491e-30	3.181591060492179e-30	5.4	5.4
0.0	-0.5958192963704779	1.354134764478359	-3.9018265083785803e-28	3.9235930027396366e-28	5.400000000000011	5.400000000000013
0.0	-0.5958192963704779	1.4624655456366278	-1.423222760234249e-25	1.4188581725062455e-25	5.399999999999998	5.399999999999997
0.0	-0.5958192963704779	1.5707963267948966	3.462334244685688e-29	-3.4676226728471615e-29	5.400000000000002	5.400000000000003
0.0	-0.48748851521220926	-1.5707963267948966	-2.1403665495371137e-19	2.1355580905293e-19	5.399999999571752	5.399999999555569
0.0	-0.48748851521220926	-1.4624655456366278	1.426071411091224e-23	-4.476156024218931e-23	5.400000000000013	5.400000000000014
0.0	-0.48748851521220926	-1.354134764478359	-5.926092660463989e-25	-3.8748877124346224e-25	5.399999999999983	5.399999999999982
0.0	-0.48748851521220926	-1.2458039833200902	-4.5969397710764924e-21	4.266731378234388e-20	5.400000000510878	5.400000000534726
0.0	-0.48748851521220926	-1.1374732021618217	-8.274297168090726e-29	8.280473388361422e-29	5.4	5.4
0.0	-0.48748851521220926	-1.029142421003553	1.771527273405217e-27	-1.7709466982319603e-27	5.4	5.4
0.0	-0.48748851521220926	-0.9208116398452841	-2.962181836009776e-26	2.9454924685196177e-26	5.399999999999999	5.399999999999999
0.0	-0.48748851521220926	-0.8124808586870155	1.0490230068386036e-25	-1.0559650470526747e-25	5.400000000000001	5.400000000000001
0.0	-0.48748851521220926	-0.7041500775287467	-2.5589605483885043e-31	2.5607596326148312e-31	5.4	5.4
0.0	-0.48748851521220926	-0.5958192963704779	-2.091132793191762e-30	2.0909745616825235e-30	5.399999999999998	5.399999999999997
0.0	-0.48748851521220926	-0.48748851521220926	7.132386063070391e-24	7.134618580734115e-24	5.400000000000001	5.400000000000001
0.0	-0.48748851521220926	-0.3791577340539405	-3.218629480163134e-24	3.3081022930863852e-24	5.40000000000001	5.40000000000001
0.0	-0.48748851521220926	-0.2708269528956717	8.968981125585733e-23	-8.901691793258842e-23	5.399999999999997	5.399999999999998
0.0	-0.48748851521220926	-0.16249617173740294	-6.3977102709651e-30	6.384182544876828e-30	5.4	5.4
0.0	-0.48748851521220926	-0.05416539057913439	4.513631723626741e-25	-4.504094407769292e-25	5.399999999999999	5.399999999999999
0.0	-0.48748851521220926	0.05416539057913439	-2.221217366226219e-23	2.0227014870541816e-23	5.4	5.4
0.0	-0.48748851521220926	0.16249617173740316	-3.661063081520088e-26	3.6525918248416804e-26	5.399999999999995	5.399999999999995
0.0	-0.48748851521220926	0.27082695289567194	3.373495671840477e-28	-3.37126294668627e-28	5.4	5.4
0.0	-0.48748851521220926	0.3791577340539407	-3.805878452432218e-27	3.832102125384815e-27	5.4	5.4
0.0	-0.48748851521220926	0.48748851521220926	4.452918225018489e-32	-4.4529615585804903e-32	5.4	5.4
0.0	-0.48748851521220926	0.595819296370478	-1.8484609460055226e-30	1.8502711893516285e-30	5.4	5.4
0.0	-0.48748851521220926	0.7041500775287468	-3.570649346718244e-26	3.542230982279109e-26	5.399999999999999	5.399999999999999
0.0	-0.48748851521220926	0.8124808586870156	2.5383964790753093e-27	-2.5384361984593914e-27	5.4	5.4
0.0	-0.48748851521220926	0.9208116398452844	6.474738674820676e-27	-6.48118640135533e-27	5.4000000000000075	5.400000000000009
0.0	-0.48748851521220926	1.0291424210035531	-3.850267919838888e-26	3.853125153129846e-26	5.4	5.4
0.0	-0.48748851521220926	1.137473202161822	-3.317194396130291e-23	3.13670737059683e-23	5.4	5.4
0.0	-0.48748851521220926	1.2458039833200907	-3.888125975911906e-25	3.871739093248945e-25	5.3999999999999995	5.399999999999999
0.0	-0.48748851521220926	1.354134764478359	6.225721300067053e-28	-6.2124743370863645e-28	5.4	5.4
0.0	-0.48748851521220926	1.4624655456366278	7.951828730022816e-26	-7.947964271722756e-26	5.4	5.4
0.0	-0.48748851521220926	1.5707963267948966	1.1264488941599258e-26	-1.123558217085571e-26	5.4	5.4
0.0	-0.3791577340539405	-1.5707963267948966	1.325715803900255e-24	-1.3442022587996569e-24	5.4	5.4
0.0	-0.3791577340539405	-1.4624655456366278	3.538809442450189e-27	-3.5382721380117346e-27	5.4	5.4
0.0	-0.3791577340539405	-1.354134764478359	3.397198193747712e-24	6.683424741606993e-24	5.400000000000015	5.4000000000000155
0.0	-0.3791577340539405	-1.2458039833200902	-1.7169403444187633e-22	1.7028233584486554e-22	5.3999999999999995	5.399999999999999
0.0	-0.3791577340539405	-1.1374732021618217	3.835406763636551e-18	-8.980146347548965e-18	5.400000000009005	5.400000000009706
0.0	-0.3791577340539405	-1.029142421003553	-2.005117029000848e-25	1.8047683001864647e-25	5.399999999999998	5.399999999999998
0.0	-0.3791577340539405	-0.9208116398452841	1.2044280855235572e-26	-1.2026475979507427e-26	5.399999999999998	5.399999999999998
0.0	-0.3791577340539405	-0.8124808586870155	-6.7071235848397424e-21	6.7124330550689084e-21	5.400000000001579	5.40000000000174
0.0	-0.3791577340539405	-0.7041500775287467	1.646995068496766e-26	-1.645871966720674e-26	5.4	5.4
0.0	-0.3791577340539405	-0.5958192963704779	-3.217522684510769e-26	3.2175076854549613e-26	5.4	5.4
0.0	-0.3791577340539405	-0.48748851521220926	3.30804779939992e-24	-3.218731430122701e-24	5.400000000000009	5.400000000000011
0.0	-0.3791577340539405	-0.3791577340539405	3.592102817169876e-26	3.592108805834704e-26	5.4	5.4
0.0	-0.3791577340539405	-0.2708269528956717	-9.518211043208243e-29	9.514665851592596e-29	5.4	5.4
0.0	-0.3791577340539405	-0.16249617173740294	-4.070722416618706e-25	4.1163168838391086e-25	5.400000000000001	5.400000000000001
0.0	-0.3791577340539405	-0.05416539057913439	4.477720122873358e-25	-4.474544182719571e-25	5.399999999999999	5.399999999999999
0.0	-0.3791577340539405	0.05416539057913439	1.1915804755678626e-25	-1.1885167395780966e-25	5.400000000000001	5.4
0.0	-0.3791577340539405	0.16249617173740316	-1.8518888611212434e-23	1.791020611961621e-23	5.4	5.4
0.0	-0.3791577340539405	0.27082695289567194	7.48872702324774e-26	-7.481935168061707e-26	5.400000000000001	5.400000000000001
0.0	-0.3791577340539405	0.3791577340539407	-9.331164927908611e-23	9.332708332728347e-23	5.399999999999999	5.399999999999999
0.0	-0.3791577340539405	0.48748851521220926	1.8187461267557657e-26	-1.8375289083064238e-26	5.4	5.4
0.0	-0.3791577340539405	0.595819296370478	4.904390087815641e-28	-4.903795818915941e-28	5.4	5.4
0.0	-0.3791577340539405	0.7041500775287468	1.082895455802775e-24	-1.0825096411659717e-24	5.3999999999999995	5.3999999999999995
0.0	-0.3791577340539405	0.8124808586870156	-8.901855245284425e-24	5.320532951073774e-23	5.400000000000281	5.400000000000316
0.0	-0.3791577340539405	0.9208116398452844	6.073168550828622e-29	-6.083571808481431e-29	5.4	5.4
0.0	-0.3791577340539405	1.0291424210035531	-5.214686552710919e-24	5.215276001673643e-24	5.3999999999999995	5.3999999999999995
0.0	-0.3791577340539405	1.137473202161822	6.495659131278088e-29	-6.506850055892136e-29	5.4	5.3999999999999995
0.0	-0.3791577340539405	1.2458039833200907	-2.535239801588014e-25	2.5326305498420694e-25	5.4	5.4
0.0	-0.3791577340539405	1.354134764478359	-4.5636111872242716e-21	4.568022549712543e-21	5.400000000001138	5.4000000000014445
0.0	-0.3791577340539405	1.4624655456366278	2.6298133738787743e-30	-2.6291172805403736e-30	5.399999999999999	5.399999999999998
0.0	-0.3791577340539405	1.5707963267948966	1.5152606650423086e-30	-1.516453206397775e-30	5.399999999999999	5.399999999999998
0.0	-0.2708269528956717	-1.5707963267948966	-2.1563361212295292e-23	2.525305622811953e-23	5.39999999999996	5.399999999999956
0.0	-0.2708269528956717	-1.4624655456366278	-4.2747134234874435e-24	4.2712744769900075e-24	5.4	5.4
0.0	-0.2708269528956717	-1.354134764478359	-3.945789986454592e-27	4.0924478238747116e-27	5.4	5.4
0.0	-0.2708269528956717	-1.2458039833200902	-7.78808785829205e-26	7.786860181435644e-26	5.4	5.4
0.0	-0.2708269528956717	-1.1374732021618217	-1.1425811081887725e-25	1.1463525957755561e-25	5.4	5.4
0.0	-0.2708269528956717	-1.029142421003553	-1.3720938137328664e-25	1.392667877469631e-25	5.400000000000001	5.400000000000002
0.0	-0.2708269528956717	-0.9208116398452841	2.342748534039093e-22	-2.356158139499609e-22	5.400000000000197	5.400000000000245
0.0	-0.2708269528956717	-0.8124808586870155	-2.6639505382025973e-30	2.6629744334716937e-30	5.399999999999998	5.399999999999997
0.0	-0.2708269528956717	-0.7041500775287467	-6.53217839542389e-28	6.545159219656263e-28	5.400000000000001	5.400000000000001
0.0	-0.2708269528956717	-0.5958192963704779	3.601934163721934e-28	-3.612259338339599e-28	5.40000000000001	5.400000000000012
0.0	-0.2708269528956717	-0.48748851521220926	-8.996710732558389e-23	8.868075763416993e-23	5.399999999999998	5.399999999999997
0.0	-0.2708269528956717	-0.3791577340539405	9.505414961265563e-29	-9.525322262945865e-29	5.4	5.4
0.0	-0.2708269528956717	-0.2708269528956717	-6.934922139648472e-19	-6.934984821903008e-19	5.400000000000937	5.400000000000937
0.0	-0.2708269528956717	-0.16249617173740294	-3.505833260368018e-19	2.788692792043707e-19	5.399999999572308	5.399999999572308
0.0	-0.2708269528956717	-0.05416539057913439	-1.4583569972962875e-25	1.458356037498719e-25	5.400000000000002	5.400000000000002
0.0	-0.2708269528956717	0.05416539057913439	-9.290391437266174e-25	9.453071658760884e-25	5.4	5.4
0.0	-0.2708269528956717	0.16249617173740316	2.6970849452648144e-23	-2.698872499885402e-23	5.400000000000023	5.400000000000023
0.0	-0.2708269528956717	0.27082695289567194	6.912508951027012e-25	-6.899998325990841e-25	5.4	5.4
0.0	-0.2708269528956717	0.3791577340539407	7.180148083463354e-26	-7.186645120016887e-26	5.400000000000001	5.400000000000001
0.0	-0.2708269528956717	0.48748851521220926	3.6556814773901607e-28	-3.657924868175855e-28	5.4	5.4
0.0	-0.2708269528956717	0.595819296370478	-9.195792989734806e-23	9.333736213998428e-24	5.399999999999853	5.3999999999998405
0.0	-0.2708269528956717	0.7041500775287468	-1.972117193326748e-26	1.9680832120679867e-26	5.399999999999998	5.399999999999998
0.0	-0.2708269528956717	0.8124808586870156	4.1327424308119445e-25	-4.1371178006269175e-25	5.400000000000001	5.400000000000001
0.0	-0.2708269528956717	0.9208116398452844	3.6439492017006504e-26	-8.508578016968963e-27	5.400000000000009	5.40000000000001
0.0	-0.2708269528956717	1.0291424210035531	-1.4589824586854135e-29	1.4623578837333367e-29	5.4	5.4
0.0	-0.2708269528956717	1.137473202161822	-1.0049441951285271e-28	9.645303585710876e-29	5.4	5.4
0.0	-0.2708269528956717	1.2458039833200907	2.2702456310648165e-28	-2.2712660226933455e-28	5.400000000000001	5.400000000000001
0.0	-0.2708269528956717	1.354134764478359	-3.498763618082084e-27	3.494229855161041e-27	5.4	5.4
0.0	-0.2708269528956717	1.4624655456366278	2.158353690668695e-24	-2.1634159652416044e-24	5.400000000000001	5.400000000000001
0.0	-0.2708269528956717	1.5707963267948966	6.244447207341981e-28	-6.265689473064071e-28	5.4	5.400000000000001
0.0	-0.16249617173740294	-1.5707963267948966	1.0292765670231861e-22	-1.0294828783385897e-22	5.400000000000477	5.400000000000617
0.0	-0.16249617173740294	-1.4624655456366278	-8.094757181125887e-31	8.13506629928697e-31	5.4	5.4
0.0	-0.16249617173740294	-1.354134764478359	-2.4451791035485445e-23	2.4456656872814047e-23	5.3999999999999995	5.3999999999999995
0.0	-0.16249617173740294	-1.2458039833200902	1.3116968485874599e-24	-1.291743098523668e-24	5.4	5.4
0.0	-0.16249617173740294	-1.1374732021618217	4.506720390121706e-30	-4.514478612936278e-30	5.400000000000002	5.400000000000002
0.0	-0.16249617173740294	-1.029142421003553	3.115909368456938e-19	-3.111730298996939e-19	5.399999999646594	5.399999999555558
0.0	-0.16249617173740294	-0.9208116398452841	-1.1941405051544095e-25	1.195950219649585e-25	5.400000000000001	5.400000000000001
0.0	-0.16249617173740294	-0.8124808586870155	5.43810292318209e-24	-5.43909802735874e-24	5.3999999999999995	5.3999999999999995
0.0	-0.16249617173740294	-0.7041500775287467	-9.479872085986764e-24	9.480451150560492e-24	5.3999999999999995	5.3999999999999995
0.0	-0.16249617173740294	-0.5958192963704779	-1.146818318696241e-25	1.1452109534273004e-25	5.400000000000001	5.400000000000001
0.0	-0.16249617173740294	-0.48748851521220926	6.38404224456693e-30	-6.397816731531125e-30	5.4	5.4
0.0	-0.16249617173740294	-0.3791577340539405	4.0881867551864642e-25	-4.0876207294385105e-25	5.400000000000001	5.400000000000001
0.0	-0.16249617173740294	-0.2708269528956717	2.788744871619132e-19	-3.505852529800462e-19	5.399999999572305	5.399999999572305
0.0	-0.16249617173740294	-0.16249617173740294	-2.5416420541773765e-18	-2.5416420541710656e-18	5.4000000000024295	5.4000000000024295
0.0	-0.16249617173740294	-0.05416539057913439	3.5165815096162045e-24	-3.6166006154848306e-24	5.4000000000001736	5.4000000000001736
0.0	-0.16249617173740294	0.05416539057913439	-3.421800314021914e-26	3.422398916095784e-26	5.399999999999999	5.399999999999999
0.0	-0.16249617173740294	0.16249617173740316	1.423821904889568e-26	-1.4284856748675877e-26	5.4	5.4
0.0	-0.16249617173740294	0.27082695289567194	6.888721581314986e-27	-6.887839460695671e-27	5.400000000000003	5.400000000000003
0.0	-0.16249617173740294	0.3791577340539407	-1.3775809268507303e-23	1.3698421806493356e-23	5.4	5.4
0.0	-0.16249617173740294	0.48748851521220926	-3.752087699389017e-26	3.762801756892716e-26	5.399999999999995	5.399999999999995
0.0	-0.16249617173740294	0.595819296370478	-1.4175979834141879e-24	1.41760114750315e-24	5.400000000000001	5.400000000000001
0.0	-0.16249617173740294	0.7041500775287468	-8.034729217789154e-26	8.020295829146225e-26	5.399999999999998	5.399999999999998
0.0	-0.16249617173740294	0.8124808586870156	1.7092750340107473e-23	-1.709049877411312e-23	5.4	5.4
0.0	-0.16249617173740294	0.9208116398452844	1.289270538556439e-26	-1.25577502119861e-26	5.3999999999999995	5.399999999999999
0.0	-0.16249617173740294	1.0291424210035531	4.7957795931526e-28	-4.802547872840355e-28	5.4	5.4
0.0	-0.16249617173740294	1.137473202161822	1.1202631551585773e-25	-1.128713661401656e-25	5.399999999999999	5.399999999999999
0.0	-0.16249617173740294	1.2458039833200907	-4.7305929374747156e-30	4.739023036284172e-30	5.4	5.4
0.0	-0.16249617173740294	1.354134764478359	-6.569782867395059e-26	6.53381170502485e-26	5.3999999999999995	5.3999999999999995
0.0	-0.16249617173740294	1.4624655456366278	1.5244114346101555e-24	-1.5332684184685343e-24	5.400000000000009	5.400000000000012
0.0	-0.16249617173740294	1.5707963267948966	-4.284209251904943e-31	4.303612120869379e-31	5.4	5.4
0.0	-0.05416539057913439	-1.5707963267948966	5.1398797456091225e-28	-5.163441614417007e-28	5.4	5.400000000000001
0.0	-0.05416539057913439	-1.4624655456366278	7.209847464427773e-18	-7.209718404090099e-18	5.400000000000025	5.400000000000034
0.0	-0.05416539057913439	-1.354134764478359	8.310212830001031e-26	-8.304471237860189e-26	5.4	5.4
0.0	-0.05416539057913439	-1.2458039833200902	-9.675677805714519e-30	9.727235894035473e-30	5.4	5.4
0.0	-0.05416539057913439	-1.1374732021618217	-2.145342167331594e-25	2.145873556066821e-25	5.4	5.4
0.0	-0.05416539057913439	-1.029142421003553	7.655736152394092e-30	-7.62350304957616e-30	5.3999999999999995	5.3999999999999995
0.0	-0.05416539057913439	-0.9208116398452841	2.3269570372419083e-28	-2.322878066081176e-28	5.4	5.4
0.0	-0.05416539057913439	-0.8124808586870155	1.0412364029206739e-30	-1.0426523909079536e-30	5.399999999999998	5.399999999999997
0.0	-0.05416539057913439	-0.7041500775287467	-2.1342717058787215e-28	2.139327223109592e-28	5.4	5.4
0.0	-0.05416539057913439	-0.5958192963704779	-8.218987248704521e-26	8.20019222541271e-26	5.399999999999998	5.399999999999998
0.0	-0.05416539057913439	-0.48748851521220926	-4.503753573057426e-25	4.513153394178417e-25	5.399999999999999	5.399999999999999
0.0	-0.05416539057913439	-0.3791577340539405	-4.4756674559463555e-25	4.4772829499878835e-25	5.399999999999999	5.399999999999999
0.0	-0.05416539057913439	-0.2708269528956717	1.458437013170733e-25	-1.4582828896210333e-25	5.400000000000002	5.400000000000002
0.0	-0.05416539057913439	-0.16249617173740294	-3.616574687436067e-24	3.516613115405342e-24	5.400000000000173	5.400000000000173
0.0	-0.05416539057913439	-0.05416539057913439	3.1526186382137186e-20	3.152618612809369e-20	5.399999999999872	5.399999999999872
0.0	-0.05416539057913439	0.05416539057913439	4.45845864620004e-21	-4.4590814244144935e-21	5.399999999998378	5.399999999998378
0.0	-0.05416539057913439	0.16249617173740316	-3.4223778487988166e-26	3.421607726213938e-26	5.3999999999999995	5.3999999999999995
0.0	-0.05416539057913439	0.27082695289567194	-9.627476270281171e-25	9.77706924568514e-25	5.3999999999999995	5.3999999999999995
0.0	-0.05416539057913439	0.3791577340539407	1.1198406535920078e-25	-1.1231875148376717e-25	5.400000000000001	5.400000000000001
0.0	-0.05416539057913439	0.48748851521220926	-2.2767167918634712e-23	2.1917259086957166e-23	5.4	5.4
0.0	-0.05416539057913439	0.595819296370478	1.2289241068332072e-22	-1.2266015649383486e-22	5.4	5.4
0.0	-0.05416539057913439	0.7041500775287468	1.7322540203860387e-30	-1.7338285588695593e-30	5.400000000000001	5.400000000000002
0.0	-0.05416539057913439	0.8124808586870156	-1.4069609054134608e-25	1.4100213049768255e-25	5.400000000000001	5.400000000000001
0.0	-0.05416539057913439	0.9208116398452844	6.701691629616732e-25	-6.719894620948623e-25	5.400000000000003	5.400000000000003
0.0	-0.05416539057913439	1.0291424210035531	1.976073171675867e-27	-1.9797897601345875e-27	5.400000000000002	5.400000000000002
0.0	-0.05416539057913439	1.137473202161822	-1.275116866086791e-22	1.3079115200837438e-22	5.400000000000004	5.400000000000006
0.0	-0.05416539057913439	1.2458039833200907	-7.55943547932667e-28	7.388029870654344e-28	5.4	5.4
0.0	-0.05416539057913439	1.354134764478359	-8.68347403246194e-26	8.718573098791854e-26	5.400000000000001	5.400000000000001
0.0	-0.05416539057913439	1.4624655456366278	5.1743707682347625e-27	-3.8818852316927454e-27	5.3999999999999995	5.3999999999999995
0.0	-0.05416539057913439	1.5707963267948966	1.1177207846840167e-28	-1.1192307655611807e-28	5.400000000000001	5.400000000000001
0.0	0.05416539057913439	-1.5707963267948966	-1.117758763674847e-28	1.119190536357569e-28	5.400000000000001	5.400000000000001
0.0	0.05416539057913439	-1.4624655456366278	-5.177829129287978e-27	3.880139563899473e-27	5.3999999999999995	5.3999999999999995
0.0	0.05416539057913439	-1.354134764478359	8.681675234990854e-26	-8.717345426547848e-26	5.400000000000001	5.400000000000001
0.0	0.05416539057913439	-1.2458039833200902	7.627929165296948e-28	-7.447809118040482e-28	5.4	5.4
0.0	0.05416539057913439	-1.1374732021618217	1.1755069093930642e-22	-1.1761630474386716e-22	5.400000000000004	5.400000000000005
0.0	0.05416539057913439	-1.029142421003553	-1.9460408768235897e-27	1.9497095694444737e-27	5.400000000000002	5.400000000000002
0.0	0.05416539057913439	-0.9208116398452841	-1.48706233254048e-25	1.4896294784121726e-25	5.400000000000003	5.400000000000004
0.0	0.05416539057913439	-0.8124808586870155	1.406888421023769e-25	-1.4099752407378875e-25	5.400000000000001	5.400000000000001
0.0	0.05416539057913439	-0.7041500775287467	-1.7011067942395943e-30	1.702655938648534e-30	5.400000000000001	5.400000000000002
0.0	0.05416539057913439	-0.5958192963704779	-1.2299448270617179e-22	1.2565092131587422e-22	5.4	5.4
0.0	0.05416539057913439	-0.48748851521220926	2.0133393566795843e-23	-2.2686727872106078e-23	5.4	5.4
0.0	0.05416539057913439	-0.3791577340539405	-1.1941884428524413e-25	1.1878049041369002e-25	5.4	5.400000000000001
0.0	0.05416539057913439	-0.2708269528956717	9.38072245100095e-25	-9.328986361046667e-25	5.4	5.4
0.0	0.05416539057913439	-0.16249617173740294	3.4227578186791315e-26	-3.421398260315804e-26	5.399999999999999	5.399999999999999
0.0	0.05416539057913439	-0.05416539057913439	-4.458763130843034e-21	4.4588212040455486e-21	5.399999999998377	5.399999999998377
0.0	0.05416539057913439	0.05416539057913439	-3.152619057018721e-20	-3.152621828072208e-20	5.399999999999872	5.399999999999872
0.0	0.05416539057913439	0.16249617173740316	3.616585083464746e-24	-3.516620569028142e-24	5.4000000000001736	5.4000000000001736
0.0	0.05416539057913439	0.27082695289567194	-1.4583139156843286e-25	1.4584093391422984e-25	5.400000000000002	5.400000000000002
0.0	0.05416539057913439	0.3791577340539407	4.475111108967062e-25	-4.477971826776939e-25	5.399999999999999	5.399999999999998
0.0	0.05416539057913439	0.48748851521220926	4.50423605358856e-25	-4.513628453412219e-25	5.399999999999999	5.399999999999999
0.0	0.05416539057913439	0.595819296370478	8.21847052823667e-26	-8.199832154847002e-26	5.399999999999998	5.399999999999998
0.0	0.05416539057913439	0.7041500775287468	2.134490726210721e-28	-2.13908734977807e-28	5.4	5.4
0.0	0.05416539057913439	0.8124808586870156	-7.389900412130699e-31	7.401124587159143e-31	5.399999999999998	5.399999999999997
0.0	0.05416539057913439	0.9208116398452844	-5.394490048775308e-26	5.379045595661827e-26	5.399999999999998	5.399999999999998
0.0	0.05416539057913439	1.0291424210035531	1.6436626853490738e-24	-1.6430442137086996e-24	5.399999999999606	5.399999999999512
0.0	0.05416539057913439	1.137473202161822	2.1471664846967767e-25	-2.1461489777996072e-25	5.4	5.3999999999999995
0.0	0.05416539057913439	1.2458039833200907	1.0850325615993127e-29	-1.0908073297551553e-29	5.4	5.4
0.0	0.05416539057913439	1.354134764478359	-8.30500847868433e-26	8.315030294387778e-26	5.4	5.4
0.0	0.05416539057913439	1.4624655456366278	-7.212713373682808e-18	7.20968337672249e-18	5.400000000000025	5.400000000000034
0.0	0.05416539057913439	1.5707963267948966	-5.140166770843543e-28	5.162980664031728e-28	5.4	5.400000000000001
0.0	0.16249617173740316	-1.5707963267948966	4.260185569224147e-31	-4.279678566760876e-31	5.4	5.4
0.0	0.16249617173740316	-1.4624655456366278	-2.4390197533197875e-24	2.4480765779300866e-24	5.4	5.4
0.0	0.16249617173740316	-1.354134764478359	5.183649322519032e-30	-5.15802409419232e-30	5.4	5.4
0.0	0.16249617173740316	-1.2458039833200902	4.730141485368376e-30	-4.739710378190131e-30	5.4	5.4
0.0	0.16249617173740316	-1.1374732021618217	-1.1203169068841188e-25	1.1286255491711462e-25	5.399999999999999	5.399999999999999
0.0	0.16249617173740316	-1.029142421003553	-4.0534826004191436e-28	4.058520632661671e-28	5.4	5.4
0.0	0.16249617173740316	-0.9208116398452841	-1.2541164335359859e-26	1.2182377391636005e-26	5.3999999999999995	5.399999999999999
0.0	0.16249617173740316	-0.8124808586870155	-2.0550590380468363e-23	1.989343176466698e-23	5.4	5.4
0.0	0.16249617173740316	-0.7041500775287467	-1.7145000890202805e-24	1.7144950473873816e-24	5.400000000000001	5.400000000000002
0.0	0.16249617173740316	-0.5958192963704779	-1.295087459355156e-27	1.2970036930881949e-27	5.4	5.4
0.0	0.16249617173740316	-0.48748851521220926	3.6535794214214176e-26	-3.659828858846489e-26	5.399999999999995	5.399999999999995
0.0	0.16249617173740316	-0.3791577340539405	1.7629247977640803e-23	-1.842167170382655e-23	5.4	5.4
0.0	0.16249617173740316	-0.2708269528956717	-2.698136322178935e-23	2.696330664077769e-23	5.400000000000023	5.400000000000023
0.0	0.16249617173740316	-0.16249617173740294	-1.4249225926148912e-26	1.4257411162330908e-26	5.4	5.4
0.0	0.16249617173740316	-0.05416539057913439	3.4216716295792964e-26	-3.4223034363811706e-26	5.3999999999999995	5.3999999999999995
0.0	0.16249617173740316	0.05416539057913439	-3.516616084905846e-24	3.616586662186357e-24	5.4000000000001736	5.4000000000001736
0.0	0.16249617173740316	0.16249617173740316	-4.032676473038659e-23	-4.0327938881313227e-23	5.400000000000014	5.400000000000014
0.0	0.16249617173740316	0.27082695289567194	-2.788800689865671e-19	3.5058328575518893e-19	5.399999999572308	5.399999999572308
0.0	0.16249617173740316	0.3791577340539407	-4.12091479628988e-25	4.166398143758662e-25	5.400000000000001	5.4
0.0	0.16249617173740316	0.48748851521220926	2.4452728980622715e-27	-2.4477983124473108e-27	5.4	5.4
0.0	0.16249617173740316	0.595819296370478	1.0449582171424716e-25	-1.0451636616863234e-25	5.400000000000001	5.400000000000001
0.0	0.16249617173740316	0.7041500775287468	9.516853317511185e-24	-9.472092278549816e-24	5.3999999999999995	5.3999999999999995
0.0	0.16249617173740316	0.8124808586870156	-5.436717186128322e-24	5.4529264752331576e-24	5.3999999999999995	5.3999999999999995
0.0	0.16249617173740316	0.9208116398452844	1.1889973448948162e-25	-1.2000529772980785e-25	5.400000000000001	5.400000000000001
0.0	0.16249617173740316	1.0291424210035531	-3.1148658502800075e-19	3.110734716436149e-19	5.399999999646655	5.399999999555628
0.0	0.16249617173740316	1.137473202161822	1.5045174856525806e-27	-1.5028373313461881e-27	5.4	5.4
0.0	0.16249617173740316	1.2458039833200907	1.2192304343447751e-32	-1.2332576986232397e-32	5.4	5.4
0.0	0.16249617173740316	1.354134764478359	2.4169689476320126e-23	-2.4177012351784642e-23	5.3999999999999995	5.3999999999999995
0.0	0.16249617173740316	1.4624655456366278	8.066443046089e-31	-8.107254780848511e-31	5.4	5.4
0.0	0.16249617173740316	1.5707963267948966	-4.824766444448997e-26	4.7826873594085713e-26	5.399999999999999	5.399999999999999
0.0	0.27082695289567194	-1.5707963267948966	-6.244390932133198e-28	6.265427162735242e-28	5.4	5.400000000000001
0.0	0.27082695289567194	-1.4624655456366278	-2.1640530136790767e-24	2.1614210499937976e-24	5.400000000000001	5.400000000000001
0.0	0.27082695289567194	-1.354134764478359	3.498440279063025e-27	-3.494298459738157e-27	5.4	5.4
0.0	0.27082695289567194	-1.2458039833200902	-2.334687873353106e-28	2.335877228330855e-28	5.400000000000001	5.400000000000001
0.0	0.27082695289567194	-1.1374732021618217	1.0045382455720853e-28	-9.643040679672907e-29	5.4	5.4
0.0	0.27082695289567194	-1.029142421003553	1.459541819800455e-29	-1.4628231310193275e-29	5.4	5.4
0.0	0.27082695289567194	-0.9208116398452841	-3.6431997252810476e-26	8.510973054395541e-27	5.400000000000009	5.40000000000001
0.0	0.27082695289567194	-0.8124808586870155	-4.1324146085695356e-25	4.137440865369618e-25	5.400000000000001	5.400000000000001
0.0	0.27082695289567194	-0.7041500775287467	-1.7263855398073592e-27	1.7254297903809225e-27	5.4	5.4
0.0	0.27082695289567194	-0.5958192963704779	9.195755095944239e-23	-9.335342954647593e-24	5.399999999999853	5.3999999999998405
0.0	0.27082695289567194	-0.48748851521220926	-3.3710968938214397e-28	3.373724924556072e-28	5.4	5.4
0.0	0.27082695289567194	-0.3791577340539405	-7.482149185631074e-26	7.488600875193748e-26	5.400000000000001	5.400000000000001
0.0	0.27082695289567194	-0.2708269528956717	-6.891776305134018e-25	6.906940775733319e-25	5.4	5.4
0.0	0.27082695289567194	-0.16249617173740294	-6.888639256609664e-27	6.888125560154498e-27	5.400000000000003	5.400000000000003
0.0	0.27082695289567194	-0.05416539057913439	9.911821468231353e-25	-9.599441528957238e-25	5.3999999999999995	5.3999999999999995
0.0	0.27082695289567194	0.05416539057913439	1.4583254529659184e-25	-1.45839397086962e-25	5.400000000000002	5.400000000000002
0.0	0.27082695289567194	0.16249617173740316	3.5058335032710067e-19	-2.7887930057044417e-19	5.399999999572305	5.399999999572305
0.0	0.27082695289567194	0.27082695289567194	6.935016103771217e-19	6.935036657114361e-19	5.400000000000937	5.400000000000937
0.0	0.27082695289567194	0.3791577340539407	1.3166779174383223e-25	-1.3411680297053274e-25	5.4	5.4
0.0	0.27082695289567194	0.48748851521220926	8.931047838160941e-23	-8.898766552402945e-23	5.399999999999998	5.399999999999997
0.0	0.27082695289567194	0.595819296370478	-3.5848428126820006e-28	3.595118947084722e-28	5.40000000000001	5.400000000000011
0.0	0.27082695289567194	0.7041500775287468	6.587931566443641e-28	-6.6025538102667905e-28	5.400000000000001	5.400000000000001
0.0	0.27082695289567194	0.8124808586870156	-3.820345028446249e-24	3.8122881007747475e-24	5.400000000000001	5.400000000000001
0.0	0.27082695289567194	0.9208116398452844	-2.3392302484277837e-22	2.3528290786103127e-22	5.4000000000001975	5.400000000000245
0.0	0.27082695289567194	1.0291424210035531	1.3724025563433084e-25	-1.3934771364055878e-25	5.400000000000001	5.400000000000001
0.0	0.27082695289567194	1.137473202161822	3.1216597125261694e-25	-3.1548097283358877e-25	5.4	5.4
0.0	0.27082695289567194	1.2458039833200907	-3.445875779245588e-24	3.447479581708913e-24	5.4	5.4
0.0	0.27082695289567194	1.354134764478359	2.078585051712284e-28	-2.086429879234327e-28	5.400000000000008	5.40000000000001
0.0	0.27082695289567194	1.4624655456366278	4.362950722770557e-26	-4.349334888150958e-26	5.4	5.400000000000001
0.0	0.27082695289567194	1.5707963267948966	2.840773184367186e-27	-2.8460913365415895e-27	5.400000000000016	5.400000000000018
0.0	0.3791577340539407	-1.5707963267948966	-1.3956612616985867e-30	1.3964036783336117e-30	5.399999999999999	5.399999999999998
0.0	0.3791577340539407	-1.4624655456366278	-2.6296496976937335e-30	2.6289539000037595e-30	5.399999999999999	5.399999999999999
0.0	0.3791577340539407	-1.354134764478359	4.563278918763656e-21	-4.5677117734802174e-21	5.400000000001138	5.400000000001445
0.0	0.3791577340539407	-1.2458039833200902	-1.700991976726515e-25	1.7013941300803645e-25	5.3999999999999995	5.3999999999999995
0.0	0.3791577340539407	-1.1374732021618217	-6.500987168126114e-29	6.505184141091499e-29	5.3999999999999995	5.3999999999999995
0.0	0.3791577340539407	-1.029142421003553	3.87620469612975e-26	-3.887592350472778e-26	5.400000000000001	5.400000000000001
0.0	0.3791577340539407	-0.9208116398452841	5.813675089996095e-21	-5.816383447153219e-21	5.400000000001189	5.400000000001369
0.0	0.3791577340539407	-0.8124808586870155	8.901637330345144e-24	-5.320564117247266e-23	5.400000000000281	5.400000000000316
0.0	0.3791577340539407	-0.7041500775287467	-1.0821597015561122e-24	1.0818485475658936e-24	5.4	5.3999999999999995
0.0	0.3791577340539407	-0.5958192963704779	-4.880403176241563e-28	4.878320520991805e-28	5.4	5.4
0.0	0.3791577340539407	-0.48748851521220926	3.842038780139488e-27	-3.776753770692581e-27	5.4	5.4
0.0	0.3791577340539407	-0.3791577340539405	9.355739115517166e-23	-9.353664565816677e-23	5.399999999999999	5.399999999999999
0.0	0.3791577340539407	-0.2708269528956717	-7.187518410750047e-26	7.179403996205345e-26	5.400000000000001	5.400000000000001
0.0	0.3791577340539407	-0.16249617173740294	1.3788575477147662e-23	-1.3448298765532515e-23	5.4	5.4
0.0	0.3791577340539407	-0.05416539057913439	-1.122055304166446e-25	1.1212727097570085e-25	5.400000000000001	5.400000000000001
0.0	0.3791577340539407	0.05416539057913439	-4.476970554489468e-25	4.475274463535164e-25	5.399999999999999	5.399999999999999
0.0	0.3791577340539407	0.16249617173740316	4.131801694901339e-25	-4.176931075360932e-25	5.4	5.400000000000001
0.0	0.3791577340539407	0.27082695289567194	-1.335737494086828e-25	1.319446025152771e-25	5.4	5.4
0.0	0.3791577340539407	0.3791577340539407	-3.591686435432258e-26	-3.59171120537113e-26	5.4	5.4
0.0	0.3791577340539407	0.48748851521220926	-3.3073740707130747e-24	3.2185726107570347e-24	5.400000000000009	5.40000000000001
0.0	0.3791577340539407	0.595819296370478	3.141499649276192e-26	-3.140759833107696e-26	5.4	5.4
0.0	0.3791577340539407	0.7041500775287468	-1.4966194964015143e-28	1.4955886742177823e-28	5.4	5.4
0.0	0.3791577340539407	0.8124808586870156	6.804012117005801e-21	-6.809207650057788e-21	5.400000000001581	5.400000000001744
0.0	0.3791577340539407	0.9208116398452844	-1.1731304635714702e-25	1.1724723890914368e-25	5.3999999999999995	5.3999999999999995
0.0	0.3791577340539407	1.0291424210035531	2.0037485382926395e-25	-1.803566106049633e-25	5.399999999999998	5.399999999999998
0.0	0.3791577340539407	1.137473202161822	-4.362590504521282e-18	1.0223182792431241e-17	5.400000000010145	5.4000000000109365
0.0	0.3791577340539407	1.2458039833200907	3.0635218836797676e-24	-3.033946295902949e-24	5.3999999999999995	5.3999999999999995
0.0	0.3791577340539407	1.354134764478359	5.298468225047293e-25	-5.305833259515712e-25	5.400000000000002	5.400000000000002
0.0	0.3791577340539407	1.4624655456366278	-3.535354366524759e-27	3.534100516368741e-27	5.4	5.4
0.0	0.3791577340539407	1.5707963267948966	1.7493979598904517e-24	-1.747448982812641e-24	5.400000000000002	5.400000000000002
0.0	0.48748851521220926	-1.5707963267948966	-1.1248422162473321e-26	1.1251444045702606e-26	5.4	5.4
0.0	0.48748851521220926	-1.4624655456366278	-7.950436327235721e-26	7.950170664095082e-26	5.4	5.4
0.0	0.48748851521220926	-1.354134764478359	-6.221696351533638e-28	6.216382653070275e-28	5.4	5.4
0.0	0.48748851521220926	-1.2458039833200902	-3.500501177941919e-23	3.5094438488161563e-23	5.400000000000001	5.400000000000002
0.0	0.48748851521220926	-1.1374732021618217	2.9024820332780243e-23	-3.228208734563545e-23	5.4	5.4
0.0	0.48748851521220926	-1.029142421003553	3.8499799372436424e-26	-3.841324449245884e-26	5.4	5.4
0.0	0.48748851521220926	-0.9208116398452841	-1.2285411216352185e-21	1.2284622991315494e-21	5.400000000001115	5.400000000001245
0.0	0.48748851521220926	-0.8124808586870155	-4.2866906537896646e-24	4.029691459357514e-24	5.4	5.4
0.0	0.48748851521220926	-0.7041500775287467	3.573806018552558e-26	-3.5445168459942976e-26	5.399999999999999	5.399999999999999
0.0	0.48748851521220926	-0.5958192963704779	-1.9400208872752271e-25	1.938036647195371e-25	5.399999999999999	5.399999999999998
0.0	0.48748851521220926	-0.48748851521220926	-4.4530864298430045e-32	4.4527824220706614e-32	5.4	5.4
0.0	0.48748851521220926	-0.3791577340539405	-1.822361878787553e-26	1.8380965400085555e-26	5.4	5.4
0.0	0.48748851521220926	-0.2708269528956717	-3.6579607791926654e-28	3.655729089863025e-28	5.4	5.4
0.0	0.48748851521220926	-0.16249617173740294	3.7617129329328576e-26	-3.753119135421655e-26	5.399999999999995	5.399999999999995
0.0	0.48748851521220926	-0.05416539057913439	1.907284222056186e-23	-2.310179365546436e-23	5.4	5.4
0.0	0.48748851521220926	0.05416539057913439	-4.513431647869218e-25	4.503861326950492e-25	5.399999999999999	5.399999999999999
0.0	0.48748851521220926	0.16249617173740316	-2.446307623358449e-27	2.4464118950404863e-27	5.4	5.4
0.0	0.48748851521220926	0.27082695289567194	-8.984845079854319e-23	8.91883194357971e-23	5.399999999999997	5.399999999999998
0.0	0.48748851521220926	0.3791577340539407	3.2183761763080583e-24	-3.3075835779107378e-24	5.40000000000001	5.40000000000001
0.0	0.48748851521220926	0.48748851521220926	-7.131030990145564e-24	-7.131027574252712e-24	5.400000000000001	5.400000000000001
0.0	0.48748851521220926	0.595819296370478	3.391704034950958e-17	-3.358130981040693e-17	5.400000000000008	5.400000000000008
0.0	0.48748851521220926	0.7041500775287468	5.38853210903848e-25	-5.392950256025819e-25	5.400000000000001	5.4
0.0	0.48748851521220926	0.8124808586870156	1.1281868343276348e-22	-6.595220796008978e-22	5.39999999999941	5.39999999999938
0.0	0.48748851521220926	0.9208116398452844	2.9840162106716793e-26	-2.965984261506561e-26	5.3999999999999995	5.3999999999999995
0.0	0.48748851521220926	1.0291424210035531	4.624018326731423e-23	-1.5929588939324978e-23	5.399999999999974	5.399999999999972
0.0	0.48748851521220926	1.137473202161822	3.867813714288123e-26	-3.8630997281431367e-26	5.399999999999998	5.399999999999998
0.0	0.48748851521220926	1.2458039833200907	4.596348607686151e-21	-4.266505403998759e-20	5.400000000510873	5.400000000534726
0.0	0.48748851521220926	1.354134764478359	5.926080790866387e-25	3.874878867490889e-25	5.399999999999983	5.399999999999982
0.0	0.48748851521220926	1.4624655456366278	-1.4260556827774004e-23	4.476175152722012e-23	5.400000000000013	5.400000000000014
0.0	0.48748851521220926	1.5707963267948966	2.1403938913781782e-19	-2.1355540682856726e-19	5.399999999571752	5.399999999555569
0.0	0.595819296370478	-1.5707963267948966	-2.056867439995206e-24	2.055511744284956e-24	5.4	5.4
0.0	0.595819296370478	-1.4624655456366278	1.328516939508431e-28	-1.3346693817010029e-28	5.4	5.4
0.0	0.595819296370478	-1.354134764478359	3.9608109328705354e-28	-3.982693770215744e-28	5.400000000000011	5.400000000000013
0.0	0.595819296370478	-1.2458039833200902	-5.947832682930218e-31	5.81288699367961e-31	5.4	5.4
0.0	0.595819296370478	-1.1374732021618217	1.8647166653500223e-26	-1.852781255066043e-26	5.4	5.4
0.0	0.595819296370478	-1.029142421003553	4.291865726712963e-24	-4.17686839185648e-24	5.4	5.4
0.0	0.595819296370478	-0.9208116398452841	-7.343814939942002e-29	7.340796812964107e-29	5.4	5.4
0.0	0.595819296370478	-0.8124808586870155	-4.9464052281537335e-27	3.2033720106521126e-27	5.400000000000009	5.400000000000009
0.0	0.595819296370478	-0.7041500775287467	7.817883376584247e-30	-7.809523154931094e-30	5.4	5.4
0.0	0.595819296370478	-0.5958192963704779	-2.3580051555745485e-27	2.3507237113260227e-27	5.3999999999999995	5.3999999999999995
0.0	0.595819296370478	-0.48748851521220926	1.850377113291568e-30	-1.8482275814884197e-30	5.4	5.4
0.0	0.595819296370478	-0.3791577340539405	-4.903833259310472e-28	4.904604368874093e-28	5.4	5.4
0.0	0.595819296370478	-0.2708269528956717	9.333080804215627e-24	-9.195861564674726e-23	5.399999999999841	5.399999999999853
0.0	0.595819296370478	-0.16249617173740294	1.4191740742740354e-24	-1.4164888008189153e-24	5.400000000000001	5.400000000000001
0.0	0.595819296370478	-0.05416539057913439	-1.2578098321182722e-22	1.215504874872918e-22	5.4	5.4
0.0	0.595819296370478	0.05416539057913439	-8.199805957674477e-26	8.218492457792491e-26	5.399999999999998	5.399999999999998
0.0	0.595819296370478	0.16249617173740316	-1.0447308325958666e-25	1.0451263699614129e-25	5.400000000000001	5.400000000000001
0.0	0.595819296370478	0.27082695289567194	3.5951107485510378e-28	-3.5848478233193334e-28	5.400000000000011	5.40000000000001
0.0	0.595819296370478	0.3791577340539407	-3.1390850379645896e-26	3.142796798214598e-26	5.4	5.4
0.0	0.595819296370478	0.48748851521220926	-3.355635848449587e-17	3.39173438899604e-17	5.400000000000008	5.400000000000008
0.0	0.595819296370478	0.595819296370478	-2.1370762859428843e-25	-2.1369187556001257e-25	5.4	5.4
0.0	0.595819296370478	0.7041500775287468	2.7661909552456623e-26	-2.7647696233540875e-26	5.399999999999995	5.399999999999995
0.0	0.595819296370478	0.8124808586870156	-1.5698996662120206e-23	1.5692028859832572e-23	5.3999999999999995	5.3999999999999995
0.0	0.595819296370478	0.9208116398452844	-3.5919122803864215e-28	3.5943140244923987e-28	5.40000000000001	5.400000000000011
0.0	0.595819296370478	1.0291424210035531	-5.811249542924323e-24	5.844501703730021e-24	5.400000000000003	5.400000000000004
0.0	0.595819296370478	1.137473202161822	-1.0714707220181512e-28	1.072082323551034e-28	5.4	5.4
0.0	0.595819296370478	1.2458039833200907	-1.6831404196562235e-25	1.684548260141543e-25	5.4	5.400000000000001
0.0	0.595819296370478	1.354134764478359	2.436566683633741e-23	-1.1317273575758729e-23	5.4	5.4
0.0	0.595819296370478	1.4624655456366278	2.7329774603895915e-27	-2.7344524374619853e-27	5.400000000000015	5.400000000000015
0.0	0.595819296370478	1.5707963267948966	-5.362649926931427e-25	5.352896403911643e-25	5.399999999999998	5.399999999999999
0.0	0.7041500775287468	-1.5707963267948966	2.6913727598830923e-26	-2.6764011265059426e-26	5.399999999999999	5.399999999999998
0.0	0.7041500775287468	-1.4624655456366278	2.3035863806858654e-28	-2.309533352307647e-28	5.4	5.4
0.0	0.7041500775287468	-1.354134764478359	-2.7238617322489263e-25	2.7246114254715264e-25	5.4	5.3999999999999995
0.0	0.7041500775287468	-1.2458039833200902	1.1062971616012e-24	1.9034161437562845e-24	5.399999999999986	5.399999999999984
0.0	0.7041500775287468	-1.1374732021618217	-8.582838778865347e-25	8.590947784058163e-25	5.4000000000000075	5.400000000000008
0.0	0.7041500775287468	-1.029142421003553	2.2503334051747727e-24	-2.2492248563742488e-24	5.4	5.3999999999999995
0.0	0.7041500775287468	-0.9208116398452841	1.1158925011904429e-29	-1.1155504146312688e-29	5.399999999999998	5.399999999999997
0.0	0.7041500775287468	-0.8124808586870155	1.93192660743168e-27	-2.1141481150203526e-27	5.3999999999999995	5.3999999999999995
0.0	0.7041500775287468	-0.7041500775287467	-1.0507049978698618e-24	1.055705270456721e-24	5.4	5.4
0.0	0.7041500775287468	-0.5958192963704779	4.299645318978284e-29	-4.299878090473764e-29	5.3999999999999995	5.3999999999999995
0.0	0.7041500775287468	-0.48748851521220926	3.541115251564942e-26	-3.5703257985838266e-26	5.3999999999999995	5.399999999999999
0.0	0.7041500775287468	-0.3791577340539405	-1.0825380858983776e-24	1.0828508444135578e-24	5.3999999999999995	5.3999999999999995
0.0	0.7041500775287468	-0.2708269528956717	1.968123075620815e-26	-1.972085524685217e-26	5.399999999999998	5.399999999999998
0.0	0.7041500775287468	-0.16249617173740294	8.020468020598702e-26	-8.034682303354375e-26	5.399999999999998	5.399999999999998
0.0	0.7041500775287468	-0.05416539057913439	-1.7338303292907044e-30	1.7322524644309194e-30	5.400000000000002	5.400000000000001
0.0	0.7041500775287468	0.05416539057913439	-2.1392435921543467e-28	2.1341310458477393e-28	5.4	5.4
0.0	0.7041500775287468	0.16249617173740316	-9.471338569483642e-24	9.517590484343717e-24	5.3999999999999995	5.3999999999999995
0.0	0.7041500775287468	0.27082695289567194	-6.6024655886598305e-28	6.58788368001575e-28	5.400000000000001	5.400000000000001
0.0	0.7041500775287468	0.3791577340539407	1.4955928795870198e-28	-1.4966165363801365e-28	5.4	5.4
0.0	0.7041500775287468	0.48748851521220926	-5.392808643366428e-25	5.391337326205087e-25	5.4	5.400000000000001
0.0	0.7041500775287468	0.595819296370478	-2.7642653871876556e-26	2.766575403709212e-26	5.399999999999995	5.399999999999995
0.0	0.7041500775287468	0.7041500775287468	2.483304440892345e-25	2.4833075334386157e-25	5.400000000000005	5.400000000000005
0.0	0.7041500775287468	0.8124808586870156	8.787925695550545e-25	-8.78517403352878e-25	5.399999999999999	5.399999999999999
0.0	0.7041500775287468	0.9208116398452844	2.915726971147507e-28	-2.917052238122947e-28	5.400000000000015	5.400000000000014
0.0	0.7041500775287468	1.0291424210035531	4.434502475599264e-25	-4.430748805665546e-25	5.399999999999999	5.399999999999999
0.0	0.7041500775287468	1.137473202161822	9.676109644158646e-33	-9.669286588473063e-33	5.3999999999999995	5.4
