replicate	time	result	x	y	cue_reached
1	0	True	300.33653602981121366611	300.00000000000000000000	-1
1	50	True	299.87974598628551348156	300.00000000000000000000	-1
1	100	True	299.90785221018956008265	300.00000000000000000000	-1
1	150	True	299.46755882777796387018	300.00000000000000000000	-1
1	200	False	298.47862678293955696063	300.00000000000000000000	-1
1	200	False	298.47862678293955696063	300.00000000000000000000	-1
24	0	True	300.01614676528356540075	300.00000000000000000000	-1
24	50	True	299.83928080082387168659	300.00000000000000000000	-1
24	100	True	300.81784558733750145620	300.00000000000000000000	-1
24	150	True	301.62037821206342869118	300.00000000000000000000	-1
24	200	False	302.04340150620248550695	300.00000000000000000000	-1
24	200	False	302.04340150620248550695	300.00000000000000000000	-1
15	0	True	299.83455030717743738933	300.00000000000000000000	-1
15	50	True	298.83839254290501230571	300.00000000000000000000	-1
15	100	True	299.26713488605065549564	300.00000000000000000000	-1
15	150	True	299.12213115187375933601	300.00000000000000000000	-1
15	200	False	298.50235451228570582316	300.00000000000000000000	-1
15	200	False	298.50235451228570582316	300.00000000000000000000	-1
5	0	True	300.15688472222535665423	300.00000000000000000000	-1
5	50	True	299.28476749966046099871	300.00000000000000000000	-1
5	100	True	299.77482907866857431145	300.00000000000000000000	-1
5	150	True	300.10876043884968566999	300.00000000000000000000	-1
5	200	False	299.75971730628612021974	300.00000000000000000000	-1
5	200	False	299.75971730628612021974	300.00000000000000000000	-1
18	0	True	299.96548972517314268771	300.00000000000000000000	-1
18	50	True	299.69773918445713434267	300.00000000000000000000	-1
18	100	True	299.94645887796167471606	300.00000000000000000000	-1
18	150	True	300.44434739020380220609	300.00000000000000000000	-1
18	200	False	301.15373282035886859376	300.00000000000000000000	-1
18	200	False	301.15373282035886859376	300.00000000000000000000	-1
7	0	True	300.40560913346030247340	300.00000000000000000000	-1
7	50	True	299.40694478306096470988	300.00000000000000000000	-1
7	100	True	299.56865143692562014621	300.00000000000000000000	-1
7	150	True	299.46088149242530107585	300.00000000000000000000	-1
7	200	False	298.81715769633586887721	300.00000000000000000000	-1
7	200	False	298.81715769633586887721	300.00000000000000000000	-1
14	0	True	299.89593664892811375466	300.00000000000000000000	-1
14	50	True	299.00634332393104841685	300.00000000000000000000	-1
14	100	True	299.67528032425593664811	300.00000000000000000000	-1
14	150	True	300.48822653901225976369	300.00000000000000000000	-1
14	200	False	301.26946836045061672849	300.00000000000000000000	-1
14	200	False	301.26946836045061672849	300.00000000000000000000	-1
29	0	True	299.60076963543087913422	300.00000000000000000000	-1
29	50	True	299.05825233308377164576	300.00000000000000000000	-1
29	100	True	299.86329435653317432298	300.00000000000000000000	-1
29	150	True	300.43593024522181167413	300.00000000000000000000	-1
29	200	False	301.27487488069164101034	300.00000000000000000000	-1
29	200	False	301.27487488069164101034	300.00000000000000000000	-1
4	0	True	299.99941736765407540588	300.00000000000000000000	-1
4	50	True	299.14509455773645640875	300.00000000000000000000	-1
4	100	True	299.36097503673448727568	300.00000000000000000000	-1
4	150	True	299.27892556718478545008	300.00000000000000000000	-1
4	200	True	299.33179036962883401429	300.00000000000000000000	-1
4	250	False	298.81069876093039283660	300.00000000000000000000	-1
4	250	False	298.81069876093039283660	300.00000000000000000000	-1
28	0	True	299.88092183438487836611	300.00000000000000000000	-1
28	50	True	299.52999041512958910971	300.00000000000000000000	-1
28	100	True	300.04442636307391012451	300.00000000000000000000	-1
28	150	True	300.00481222306865447536	300.00000000000000000000	-1
28	200	True	299.76669275991531549153	300.00000000000000000000	-1
28	250	False	299.53490535932280636189	300.00000000000000000000	-1
28	250	False	299.53490535932280636189	300.00000000000000000000	-1
25	0	True	299.68564919947277758183	300.00000000000000000000	-1
25	50	True	299.01123845945227230914	300.00000000000000000000	-1
25	100	True	299.66190983500666789041	300.00000000000000000000	-1
25	150	True	299.59018148061039710228	300.00000000000000000000	-1
25	200	True	299.43937374306005949620	300.00000000000000000000	-1
25	250	False	299.30101657403713488748	300.00000000000000000000	-1
25	250	False	299.30101657403713488748	300.00000000000000000000	-1
22	0	True	299.72818298463658948094	300.00000000000000000000	-1
22	50	True	299.04369061998698953175	300.00000000000000000000	-1
22	100	True	299.36609828864516202884	300.00000000000000000000	-1
22	150	True	299.20002102866635596001	300.00000000000000000000	-1
22	200	True	298.26454018345492613662	300.00000000000000000000	-1
22	250	False	297.18601730592246212836	300.00000000000000000000	-1
22	250	False	297.18601730592246212836	300.00000000000000000000	-1
0	0	True	300.23166691829521823820	300.00000000000000000000	-1
0	50	True	299.21896257295651366803	300.00000000000000000000	-1
0	100	True	298.97977219499881584852	300.00000000000000000000	-1
0	150	True	298.87654971230790579284	300.00000000000000000000	-1
0	200	True	298.76941645559440985380	300.00000000000000000000	-1
0	250	False	298.05476472782214614199	300.00000000000000000000	-1
0	250	False	298.05476472782214614199	300.00000000000000000000	-1
9	0	True	299.91441763365088490900	300.00000000000000000000	-1
9	50	True	298.95336717896157097130	300.00000000000000000000	-1
9	100	True	299.85110249949696026306	300.00000000000000000000	-1
9	150	True	300.40297598325838634992	300.00000000000000000000	-1
9	200	True	300.02518487987430262365	300.00000000000000000000	-1
9	250	False	299.63190817676138522074	300.00000000000000000000	-1
9	250	False	299.63190817676138522074	300.00000000000000000000	-1
19	0	True	300.19281354341126188956	300.00000000000000000000	-1
19	50	True	298.94237139227300303901	300.00000000000000000000	-1
19	100	True	299.00713270054774284290	300.00000000000000000000	-1
19	150	True	299.26116812199938976846	300.00000000000000000000	-1
19	200	True	299.25306264734234673597	300.00000000000000000000	-1
19	250	False	298.88733537429641273775	300.00000000000000000000	-1
19	250	False	298.88733537429641273775	300.00000000000000000000	-1
13	0	True	300.08690783607443108849	300.00000000000000000000	-1
13	50	True	299.36268701640085510007	300.00000000000000000000	-1
13	100	True	299.59186539958238881809	300.00000000000000000000	-1
13	150	True	299.65576127004447926083	300.00000000000000000000	-1
13	200	True	299.88165830820832979953	300.00000000000000000000	-1
13	250	False	300.45596442478580456736	300.00000000000000000000	-1
13	250	False	300.45596442478580456736	300.00000000000000000000	-1
23	0	True	300.01590028719635938614	300.00000000000000000000	-1
23	50	True	299.24645146984295251968	300.00000000000000000000	-1
23	100	True	299.81008101395451603821	300.00000000000000000000	-1
23	150	True	300.36834494851444787855	300.00000000000000000000	-1
23	200	True	300.59145198847181745805	300.00000000000000000000	-1
23	250	False	300.83727781588652305800	300.00000000000000000000	-1
23	250	False	300.83727781588652305800	300.00000000000000000000	-1
12	0	True	299.98896926282907315908	300.00000000000000000000	-1
12	50	True	299.32902722103722226166	300.00000000000000000000	-1
12	100	True	299.79956278453107643145	300.00000000000000000000	-1
12	150	True	299.98581278053654841642	300.00000000000000000000	-1
12	200	True	299.97635206118206951942	300.00000000000000000000	-1
12	250	False	299.90749546684401138918	300.00000000000000000000	-1
12	250	False	299.90749546684401138918	300.00000000000000000000	-1
6	0	True	299.85110864862491553140	300.00000000000000000000	-1
6	50	True	299.60890198225393987741	300.00000000000000000000	-1
6	100	True	299.91918246510437029428	300.00000000000000000000	-1
6	150	True	300.29602166596004053645	300.00000000000000000000	-1
6	200	True	301.22092121401061604047	300.00000000000000000000	-1
6	250	False	302.19246838463840276745	300.00000000000000000000	-1
6	250	False	302.19246838463840276745	300.00000000000000000000	-1
26	0	True	300.20382272142643387269	300.00000000000000000000	-1
26	50	True	299.24885257078017275489	300.00000000000000000000	-1
26	100	True	299.35606810753637319067	300.00000000000000000000	-1
26	150	True	299.71232957728329893143	300.00000000000000000000	-1
26	200	True	300.21170598183033462192	300.00000000000000000000	-1
26	250	False	300.71230591288929190341	300.00000000000000000000	-1
26	250	False	300.71230591288929190341	300.00000000000000000000	-1
16	0	True	299.74607488896072027273	300.00000000000000000000	-1
16	50	True	299.23774184117900176716	300.00000000000000000000	-1
16	100	True	299.25250982379856168336	300.00000000000000000000	-1
16	150	True	299.05566696398602744011	300.00000000000000000000	-1
16	200	True	299.07283845221746787502	300.00000000000000000000	-1
16	250	False	299.06031695866812469831	300.00000000000000000000	-1
16	250	False	299.06031695866812469831	300.00000000000000000000	-1
8	0	True	300.19868559334128121918	300.00000000000000000000	-1
8	50	True	299.69385577787494412405	300.00000000000000000000	-1
8	100	True	299.68831814633722387953	300.00000000000000000000	-1
8	150	True	299.60543219037856488285	300.00000000000000000000	-1
8	200	True	299.82375846894325377434	300.00000000000000000000	-1
8	250	True	299.87539472207987500951	300.00000000000000000000	-1
8	300	False	299.96080404436389699185	300.00000000000000000000	-1
8	300	False	299.96080404436389699185	300.00000000000000000000	-1
27	0	True	300.24466444390151309562	300.00000000000000000000	-1
27	50	True	299.20908431447628572641	300.00000000000000000000	-1
27	100	True	299.69819164253539156562	300.00000000000000000000	-1
27	150	True	300.06889112539209918395	300.00000000000000000000	-1
27	200	True	300.13109405830726927888	300.00000000000000000000	-1
27	250	False	300.28904551456713534208	300.00000000000000000000	-1
27	250	False	300.28904551456713534208	300.00000000000000000000	-1
11	0	True	300.06783989175460192200	300.00000000000000000000	-1
11	50	True	299.41999978180024299945	300.00000000000000000000	-1
11	100	True	299.89451057883042039975	300.00000000000000000000	-1
11	150	True	300.15026858290787004080	300.00000000000000000000	-1
11	200	True	300.62645266376580366341	300.00000000000000000000	-1
11	250	False	301.45264296035475126700	300.00000000000000000000	-1
11	250	False	301.45264296035475126700	300.00000000000000000000	-1
17	0	True	299.85687938802880125877	300.00000000000000000000	-1
17	50	True	299.45898999179746624577	300.00000000000000000000	-1
17	100	True	300.58557726058927528356	300.00000000000000000000	-1
17	150	True	301.84259239645251682305	300.00000000000000000000	-1
17	200	True	303.07515140229111239023	300.00000000000000000000	-1
17	250	False	304.15567548490940907868	300.00000000000000000000	-1
17	250	False	304.15567548490940907868	300.00000000000000000000	-1
20	0	True	300.05744730019000598986	300.00000000000000000000	-1
20	50	True	299.51273647976393021963	300.00000000000000000000	-1
20	100	True	299.89556971480050151513	300.00000000000000000000	-1
20	150	True	300.42403691388454944899	300.00000000000000000000	-1
20	200	True	300.51046712245704384259	300.00000000000000000000	-1
20	250	False	300.01092177293134000138	300.00000000000000000000	-1
20	250	False	300.01092177293134000138	300.00000000000000000000	-1
2	0	True	300.24141559217486019406	300.00000000000000000000	-1
2	50	True	299.52811328685851322007	300.00000000000000000000	-1
2	100	True	299.46532592172604836378	300.00000000000000000000	-1
2	150	True	299.37006527589403503953	300.00000000000000000000	-1
2	200	True	299.07435028662234799413	300.00000000000000000000	-1
2	250	False	299.09086995579934864509	300.00000000000000000000	-1
2	250	False	299.09086995579934864509	300.00000000000000000000	-1
10	0	True	299.49361887057216335961	300.00000000000000000000	-1
10	50	True	298.97628559458939889737	300.00000000000000000000	-1
10	100	True	299.80993848686131286740	300.00000000000000000000	-1
10	150	True	300.18404535152552625732	300.00000000000000000000	-1
10	200	True	300.12382077218131826157	300.00000000000000000000	-1
10	250	False	300.21177697891300795163	300.00000000000000000000	-1
10	250	False	300.21177697891300795163	300.00000000000000000000	-1
3	0	True	299.87190685907461329407	300.00000000000000000000	-1
3	50	True	299.53563409065480982463	300.00000000000000000000	-1
3	100	True	300.15086065038633478252	300.00000000000000000000	-1
3	150	True	300.19422602185863979685	300.00000000000000000000	-1
3	200	True	299.96672331675028999598	300.00000000000000000000	-1
3	250	True	299.53798453625410047607	300.00000000000000000000	-1
3	300	False	299.91781130681584954800	300.00000000000000000000	-1
3	300	False	299.91781130681584954800	300.00000000000000000000	-1
21	0	True	300.24236208758532029606	300.00000000000000000000	-1
21	50	True	299.51266028701218147035	300.00000000000000000000	-1
21	100	True	299.91734576567154135773	300.00000000000000000000	-1
21	150	True	300.27983285969878579635	300.00000000000000000000	-1
21	200	True	300.49283634011391086460	300.00000000000000000000	-1
21	250	True	300.87880610103849221559	300.00000000000000000000	-1
21	300	False	301.70084438055266673473	300.00000000000000000000	-1
21	300	False	301.70084438055266673473	300.00000000000000000000	-1
