replicate	time	result	x	y	cue_reached
0	0	True	5.488135039273248	502.1518936637248	-1
0	50	False	12.334779956859014	502.0865227743955	-1
0	50	False	12.334779956859014	502.0865227743955	-1
2	0	True	5.429548600110191	500.2965277215033	-1
2	50	True	9.89605143531303	501.40010033580216	-1
2	100	True	18.99927306546201	501.35410833520865	-1
2	150	True	27.725826214701936	501.9464128720561	-1
2	200	True	36.906811431921795	501.9832385319054	-1
2	250	True	46.20038520240629	501.2781074613351	-1
2	300	True	55.460969951025945	501.62247416412026	-1
2	350	True	64.3471169789815	501.33790400380843	-1
2	400	True	73.81208964086336	501.5648495737898	-1
2	450	True	83.11277516799743	500.7690518705793	-1
2	500	True	92.39553896505045	501.95666841994466	-1
2	550	True	101.64836640977272	503.6834951892445	-1
2	600	False	110.27722515635024	505.50989470918	-1
2	600	False	110.27722515635024	505.50989470918	-1
9	0	True	5.2554266175234154	500.09477055753194	-1
9	50	True	12.125482427973514	499.6604662141665	-1
9	100	True	21.16585617330887	500.4134691495855	-1
9	150	True	30.348248017174228	501.47948392071487	-1
9	200	True	39.58818802139217	501.9895663723203	-1
9	250	True	48.81218962653318	502.0112982087811	-1
9	300	True	58.12090126223239	501.5914330698016	-1
9	350	True	67.52156615799146	501.70944364126336	-1
9	400	True	76.69577393122906	500.6130924367589	-1
9	450	True	86.11995733002148	500.4816436140541	-1
9	500	True	95.36722695981736	499.86262573427666	-1
9	550	True	104.67748595888307	499.45213011029097	-1
9	600	True	113.16396208368933	501.49455489636404	-1
9	650	False	120.80707632635365	502.42453971344787	-1
9	650	False	120.80707632635365	502.42453971344787	-1
17	0	True	4.1495889563301045	500.0710270368764	-1
17	50	True	10.916657224636989	498.78423566364876	-1
17	100	True	19.88000006544348	498.8297413461458	-1
17	150	True	28.848137946936205	498.5683429134688	-1
17	200	True	37.97482668049384	499.48530285823495	-1
17	250	True	47.14235192900096	499.17375908110233	-1
17	300	True	56.36445664274727	498.98544759013043	-1
17	350	True	65.62721492180619	499.05819706366407	-1
17	400	True	74.84014251400771	499.08902633498695	-1
17	450	True	84.18087860750526	498.706011625013	-1
17	500	True	93.465991394525	497.5213772032294	-1
17	550	True	102.68894653484308	495.98273331465276	-1
17	600	True	112.08044527410183	494.6911645611355	-1
17	650	True	120.8883959055222	493.9307774474832	-1
17	700	False	128.86734741263749	493.2309987746359	-1
17	700	False	128.86734741263749	493.2309987746359	-1
15	0	True	4.969308897341484	499.89580729359824	-1
15	50	True	10.92140374392043	498.4205863285883	-1
15	100	True	20.17257582860228	497.93781049610203	-1
15	150	True	29.296932992466154	497.5014846961983	-1
15	200	True	38.43166619913693	497.9902602307315	-1
15	250	True	47.378823283785394	496.72334485209086	-1
15	300	True	56.459594722364585	497.99077095131764	-1
15	350	True	65.5110626231927	498.9355000240412	-1
15	400	True	74.65362503720357	500.3448284285058	-1
15	450	True	83.97834666793322	501.72783029641295	-1
15	500	True	93.21835561608721	502.3148370725383	-1
15	550	True	102.3780410907064	500.84247059810247	-1
15	600	True	111.71795696815245	499.1788414633788	-1
15	650	True	120.84733633040477	497.79484556609543	-1
15	700	False	129.1543260224457	496.36857245863496	-1
15	700	False	129.1543260224457	496.36857245863496	-1
14	0	True	4.848276134551015	500.4503342987396	-1
14	50	True	11.684478250485503	500.8287317917349	-1
14	100	True	20.681177182171822	500.65252550944217	-1
14	150	True	29.964678909172637	499.9226932256228	-1
14	200	True	39.164430951881386	499.0691007882047	-1
14	250	True	48.26321000892151	499.1619135133539	-1
14	300	True	57.684930644559046	499.0028344589975	-1
14	350	True	67.01715601836557	499.10200007242895	-1
14	400	True	76.19330250414855	499.5161602094459	-1
14	450	True	85.28070477529212	500.8459316971765	-1
14	500	True	94.75296463463165	501.0748633965601	-1
14	550	True	104.16712376746824	500.318416952274	-1
14	600	True	113.39807353150998	498.55259296754195	-1
14	650	True	122.50149522192797	497.212779465166	-1
14	700	False	130.18690151530805	496.62193563306005	-1
14	700	False	130.18690151530805	496.62193563306005	-1
21	0	True	4.6922937837741765	499.7664647281259	-1
21	50	True	11.378005531264286	500.20184307334506	-1
21	100	True	20.206422833796235	499.32854510161394	-1
21	150	True	29.270314644945014	499.36073777439464	-1
21	200	True	38.461367409001156	499.95049537213686	-1
21	250	True	47.48270994861879	499.91471091636777	-1
21	300	True	56.55290071327341	500.1508422713787	-1
21	350	True	65.38228694938765	499.4301157800074	-1
21	400	True	74.43479085039455	498.7335521993072	-1
21	450	True	83.69935220912235	499.2827000706545	-1
21	500	True	92.93102789900563	500.01628562055816	-1
21	550	True	102.18749904278542	500.6614707104467	-1
21	600	True	111.60834051263178	501.5891571548383	-1
21	650	False	120.28277417058025	503.1369117313388	-1
21	650	False	120.28277417058025	503.1369117313388	-1
27	0	True	4.945270658651257	500.42409796151145	-1
27	50	True	12.205816252809331	500.5990354016271	-1
27	100	True	21.311587218623266	500.7108952126631	-1
27	150	True	30.4104123593702	501.2644557861737	-1
27	200	True	39.56113038376437	501.74487757974424	-1
27	250	True	48.75305391300807	502.48875113448423	-1
27	300	True	57.655172391164655	502.54540092589656	-1
27	350	True	66.67119571459959	503.93552469567805	-1
27	400	True	75.53469058563012	505.37909265163006	-1
27	450	True	84.77203049193177	505.5254275894883	-1
27	500	True	94.08781566158746	505.3554621698504	-1
27	550	True	102.95009849863634	507.1182134232958	-1
27	600	True	112.33463382243275	507.84910869486407	-1
27	650	True	121.65416624185899	508.9889227076382	-1
27	700	True	130.65471682874482	507.71554669600096	-1
27	750	False	138.36241450295122	506.87811713600064	-1
27	750	False	138.36241450295122	506.87811713600064	-1
25	0	True	5.025947716085672	500.0755837191587	-1
25	50	True	10.911721791792978	500.4914250270341	-1
25	100	True	19.983320102682192	501.09751009302596	-1
25	150	True	29.063473400457738	501.61159925524015	-1
25	200	True	38.22225306380074	501.91282453990726	-1
25	250	True	47.39322021116473	502.00981051580715	-1
25	300	True	56.616753914041865	502.3275849382209	-1
25	350	True	65.80311185270799	502.3246441741321	-1
25	400	True	75.10039905582147	502.09671519342214	-1
25	450	True	84.40217416401619	502.2363450692711	-1
25	500	True	93.74209469551423	502.02988102085106	-1
25	550	True	103.15131296655096	502.5334256906399	-1
25	600	True	112.24343578821052	503.8724933603645	-1
25	650	True	121.17994560114126	506.6426315917536	-1
25	700	True	130.48729890905145	507.45303780012676	-1
25	750	False	139.44658838988607	507.8202735991543	-1
25	750	False	139.44658838988607	507.8202735991543	-1
31	0	True	5.113763941400857	500.2308962723864	-1
31	50	True	10.441824553191788	499.0269070850729	-1
31	100	True	19.285396124533065	497.91081817897395	-1
31	150	True	28.288440595540205	497.618041411207	-1
31	200	True	37.4448254754787	496.6446124097976	-1
31	250	True	46.56200862753586	495.55467768197195	-1
31	300	True	55.70247740627304	496.4748537646177	-1
31	350	True	65.00848651298844	496.1528137886136	-1
31	400	True	74.15611986346134	495.2737810152972	-1
31	450	True	83.26141458016262	494.73602974732603	-1
31	500	True	92.36630942213144	494.74551901593804	-1
31	550	True	101.41265067552682	496.04792262051393	-1
31	600	True	110.35130562848933	497.57657183463806	-1
31	650	True	119.5276612798826	499.4154820695957	-1
31	700	True	128.7823050976037	500.35136250500744	-1
31	750	False	137.17076676751182	501.29614438479683	-1
31	750	False	137.17076676751182	501.29614438479683	-1
7	0	True	4.463580302874981	499.82581605938543	-1
7	50	True	8.231959926128997	497.703160960233	-1
7	100	True	16.87628880514871	498.31191928290696	-1
7	150	True	25.63689323075746	498.58742339481176	-1
7	200	True	34.76419359773187	499.10158746782287	-1
7	250	True	43.39970067551924	498.40343822802674	-1
7	300	True	52.6538993448444	499.08680609666465	-1
7	350	True	61.86429057442565	499.0308981961083	-1
7	400	True	71.07888706910681	499.87538299862786	-1
7	450	True	80.36270862023304	499.8224991788186	-1
7	500	True	89.52609709347847	500.4836702319754	-1
7	550	True	98.6331411524991	502.01441068299397	-1
7	600	True	107.8632873475994	502.91566192497595	-1
7	650	True	117.26153806980157	503.64449494233776	-1
7	700	True	126.58102250410187	505.0200182999965	-1
7	750	True	135.76727736553386	505.76809576953605	-1
7	800	False	144.27810643669827	506.66672982158946	-1
7	800	False	144.27810643669827	506.66672982158946	-1
4	0	True	4.868633364558032	500.72228253394707	-1
4	50	True	10.526270569813649	500.55454328438475	-1
4	100	True	19.75317836781652	500.9003840884901	-1
4	150	True	29.02792504352812	501.1433395296418	-1
4	200	True	38.306084192463686	500.9623819911585	-1
4	250	True	47.52472535572948	500.34678704068403	-1
4	300	True	56.603011051666705	501.4347960660374	-1
4	350	True	65.7376335095563	502.1590568147985	-1
4	400	True	74.89074117065465	500.83255442253886	-1
4	450	True	84.17196641266474	500.3264466570619	-1
4	500	True	93.40938181500533	500.5426509478947	-1
4	550	True	102.71099803947105	500.1179093130893	-1
4	600	True	111.77056107084036	502.2035765615679	-1
4	650	True	120.69104465028376	504.95387999945075	-1
4	700	True	129.3814867527726	507.9253273894787	-1
4	750	False	137.92623296743685	510.8492271266095	-1
4	750	False	137.92623296743685	510.8492271266095	-1
24	0	True	5.309642969877743	499.8573461898498	-1
24	50	True	11.779131773609368	500.1653385986018	-1
24	100	True	20.605805959477856	499.8822630924981	-1
24	150	True	29.709524618609656	500.43332365549935	-1
24	200	True	38.84795013803543	499.9807998082002	-1
24	250	True	47.987395562144705	499.26079027243634	-1
24	300	True	57.21384382800617	499.8832383797743	-1
24	350	True	66.15183321948241	499.3755604482959	-1
24	400	True	75.470448210027	498.6773129982062	-1
24	450	True	84.64241478421751	498.9573274711691	-1
24	500	True	94.1102983351515	498.9803830378822	-1
24	550	True	103.52567783709628	498.8005937757415	-1
24	600	True	112.7636283509573	497.4334514686378	-1
24	650	True	121.79583503783577	495.1034642459878	-1
24	700	True	131.1034633893673	494.8858177674881	-1
24	750	False	139.34452539159577	495.4363904321682	-1
24	750	False	139.34452539159577	495.4363904321682	-1
8	0	True	5.261336843181694	499.8040449616837	-1
8	50	True	11.443282411100844	498.0184833578074	-1
8	100	True	20.468654229746075	498.36526624271846	-1
8	150	True	29.684814263885592	498.79000805205845	-1
8	200	True	38.88962533495725	498.06999320623373	-1
8	250	True	48.03357576542139	497.71020953451324	-1
8	300	True	57.084366234795645	498.38661309219975	-1
8	350	True	66.31619799489901	498.26494192172225	-1
8	400	True	75.33734916289555	498.3017059714418	-1
8	450	True	84.64547281208934	497.03776653157723	-1
8	500	True	94.0326010799834	497.2101516242328	-1
8	550	True	103.42165089238188	496.7425314879533	-1
8	600	True	112.74540051611065	495.84621207423567	-1
8	650	True	121.61561393532662	492.969707239914	-1
8	700	True	130.1042690390287	491.2428256613162	-1
8	750	False	137.5433680446462	491.0691113906553	-1
8	750	False	137.5433680446462	491.0691113906553	-1
28	0	True	4.885857005823242	499.80019622010633	-1
28	50	True	11.66990302060705	500.48040127239085	-1
28	100	True	20.418901924015213	501.5816119198898	-1
28	150	True	29.437494173427076	502.09809042955635	-1
28	200	True	38.59586999890102	501.67137023043773	-1
28	250	True	47.796400032126456	501.6772280849042	-1
28	300	True	56.96175847626523	501.79043747250455	-1
28	350	True	65.99635440964566	501.1977136726751	-1
28	400	True	75.43623561665511	501.1505697361371	-1
28	450	True	84.78125811006129	500.3016763743346	-1
28	500	True	94.2508340701231	499.92975543340583	-1
28	550	True	103.59965915066441	499.1891726696354	-1
28	600	True	112.85158274770977	499.8859451678199	-1
28	650	True	122.05162592395945	500.0303049174606	-1
28	700	True	131.3112684380152	498.8900017687018	-1
28	750	True	140.15675545671382	497.9517815259967	-1
28	800	False	148.06091622128469	497.2731008104793	-1
28	800	False	148.06091622128469	497.2731008104793	-1
18	0	True	4.759918425188487	499.91748098392	-1
18	50	True	11.032704319739123	500.95359419346653	-1
18	100	True	19.929231790448853	500.7412754018122	-1
18	150	True	29.009353034177444	500.5975103015357	-1
18	200	True	38.07036163705445	499.3500974905658	-1
18	250	True	47.100206039925816	499.2262214331437	-1
18	300	True	56.26132991734928	499.5836625092682	-1
18	350	True	65.43100470868366	499.0612202315927	-1
18	400	True	74.53674039772235	500.3988471010838	-1
18	450	True	83.57668059151491	501.3676875142491	-1
18	500	True	92.81291190560394	502.36277450800503	-1
18	550	True	101.99497677148534	501.8949141076069	-1
18	600	True	111.31681953160742	500.73336827305315	-1
18	650	True	120.80046972636521	501.9498928178806	-1
18	700	True	130.10442438730846	502.9426970024636	-1
18	750	True	139.05517390842124	504.69255403215755	-1
18	800	False	146.61251898192774	506.5622815420659	-1
18	800	False	146.61251898192774	506.5622815420659	-1
32	0	True	6.205250214373881	500.5268279276028	-1
32	50	True	13.53980232218074	500.4889174024496	-1
32	100	True	22.34411159359958	499.5998085135985	-1
32	150	True	31.095911538113747	500.10097550855335	-1
32	200	True	40.09765808871178	500.4215311932683	-1
32	250	True	48.97791036820597	499.3744207850325	-1
32	300	True	58.11468074294299	499.2387576301224	-1
32	350	True	67.25051726943099	499.53255905216866	-1
32	400	True	76.56618602979535	499.2148612196226	-1
32	450	True	85.94244517856168	498.3475010981799	-1
32	500	True	95.24705658508046	499.0010985959407	-1
32	550	True	104.53088381060299	498.1850475707859	-1
32	600	True	113.76319574701327	497.48368574782427	-1
32	650	True	122.74542542725492	495.29525643373375	-1
32	700	True	131.76579015657728	492.9846684532631	-1
32	750	False	139.9771506999071	491.89742313189316	-1
32	750	False	139.9771506999071	491.89742313189316	-1
29	0	True	4.89351439734948	499.8674429948	-1
29	50	True	9.923271028565757	498.8937036162251	-1
29	100	True	18.231848635114396	499.6088740465644	-1
29	150	True	27.281477632823773	500.15162261966293	-1
29	200	True	36.3598368980544	499.53888075177207	-1
29	250	True	45.51296573013084	499.00110320756266	-1
29	300	True	54.36938429492275	498.7250579571246	-1
29	350	True	63.39857459457042	498.18646849602527	-1
29	400	True	72.53047366106966	497.3082689203317	-1
29	450	True	81.63882895866863	496.40266349402293	-1
29	500	True	90.79991657395426	497.2434755405594	-1
29	550	True	100.1389376625309	497.62358958908163	-1
29	600	True	109.2164400108183	496.59488647906716	-1
29	650	True	118.53527266590555	496.6725998062749	-1
29	700	True	128.03449526650954	496.5470478775194	-1
29	750	True	136.85512131297185	494.08522133207595	-1
29	800	False	144.79504465624424	492.0879104498109	-1
29	800	False	144.79504465624424	492.0879104498109	-1
5	0	True	4.395961419077012	500.7823400576569	-1
5	50	True	9.31273540893015	501.535750797327	-1
5	100	True	18.358917028836466	501.16144728836036	-1
5	150	True	27.446722438039224	501.3772993833738	-1
5	200	True	36.714384539540966	501.6466612854896	-1
5	250	True	45.96378713523731	501.4706233098112	-1
5	300	True	55.28748832266057	501.666695461723	-1
5	350	True	64.38557467230687	503.0440431881459	-1
5	400	True	73.40861690927983	503.9862773795166	-1
5	450	True	82.426149363913	504.85574518107416	-1
5	500	True	91.70420649817683	505.0600057899834	-1
5	550	True	100.93472127588528	504.30622131737357	-1
5	600	True	110.34385519883992	503.89314312495014	-1
5	650	True	119.53412089624004	505.5193430949809	-1
5	700	True	128.20189787079386	507.91911120808896	-1
5	750	False	135.38313737451924	508.7696280989139	-1
5	750	False	135.38313737451924	508.7696280989139	-1
12	0	True	4.360803294224102	499.10173915980835	-1
12	50	True	11.532953104589126	499.7866457372629	-1
12	100	True	20.6698745504914	500.54754525780714	-1
12	150	True	29.731400074164664	500.24103675844873	-1
12	200	True	38.879290549259416	500.1032475658201	-1
12	250	True	48.038224179624805	500.6195060480119	-1
12	300	True	57.180762689577705	501.93972759933365	-1
12	350	True	66.06953568158407	503.8367397169712	-1
12	400	True	75.11941513362085	504.30139303984544	-1
12	450	True	84.46107056558009	504.86716979776287	-1
12	500	True	93.73481860639338	504.82106423751645	-1
12	550	True	103.13024804231965	505.07705400204946	-1
12	600	True	112.52726873097868	506.1008864421171	-1
12	650	True	121.88305160203507	507.6597536893262	-1
12	700	True	131.09736453452595	509.0760935294817	-1
12	750	True	140.1808167680232	511.2741358067605	-1
12	800	False	148.54378653081318	513.3040964429454	-1
12	800	False	148.54378653081318	513.3040964429454	-1
3	0	True	5.041236686122415	500.3621384964978	-1
3	50	True	10.34885809881607	501.21972394886086	-1
3	100	True	19.2604756282644	501.18973162872794	-1
3	150	True	28.407521405485884	501.20058333845583	-1
3	200	True	37.68688486407195	501.37179079412874	-1
3	250	True	46.933516465752405	501.62756703968756	-1
3	300	True	56.15968307440955	502.3730378935567	-1
3	350	True	65.42707303423309	503.3263562619623	-1
3	400	True	74.84193542518878	503.51828582972695	-1
3	450	True	84.15417617271416	504.25220740112525	-1
3	500	True	93.5182694180571	505.1194383966953	-1
3	550	True	102.90948999315802	506.274981489065	-1
3	600	True	112.26587023954295	505.79700112981936	-1
3	650	True	121.63554643963967	505.738841396031	-1
3	700	True	130.96268585353894	506.81772275306963	-1
3	750	True	140.1967585463347	509.0135067607144	-1
3	800	True	149.15893192130795	511.75665951773175	-1
3	850	False	157.62151975991128	513.4785328218887	-1
3	850	False	157.62151975991128	513.4785328218887	-1
10	0	True	4.905362920047611	499.83760612746136	-1
10	50	True	10.18399665704935	499.62703845923375	-1
10	100	True	19.025042201208993	500.22817746961016	-1
10	150	True	27.73804287182343	499.48337585743195	-1
10	200	True	36.840579927911854	499.38357332433253	-1
10	250	True	45.6083960395116	498.2433378391709	-1
10	300	True	54.70770952114455	498.6029950261847	-1
10	350	True	63.938399358889	499.2272220337987	-1
10	400	True	73.21307340511457	498.55752118633785	-1
10	450	True	82.48877027343153	497.50205369697227	-1
10	500	True	91.83904527785293	496.7872424939493	-1
10	550	True	101.22505125673806	497.7674103760111	-1
10	600	True	110.79401208538671	498.33978486608646	-1
10	650	True	120.318098592959	497.9980720288434	-1
10	700	True	129.75693863952523	497.7901444434987	-1
10	750	True	138.28861233689088	500.4379317893262	-1
10	800	False	145.8783561246615	502.0844941344652	-1
10	800	False	145.8783561246615	502.0844941344652	-1
16	0	True	5.928141229079369	500.4419611490806	-1
16	50	True	10.877343336991787	501.3302894003764	-1
16	100	True	19.94278793383229	500.18118812573834	-1
16	150	True	28.988330849779015	500.22928219171087	-1
16	200	True	37.98821133173711	499.3491253567739	-1
16	250	True	46.94874058435729	498.17143222541114	-1
16	300	True	56.101034961233985	498.21914125736424	-1
16	350	True	65.38613642467968	497.9203691796278	-1
16	400	True	74.67106940271083	497.50827460396147	-1
16	450	True	83.90428239643137	496.5460466974306	-1
16	500	True	92.98348736482338	495.4559076005113	-1
16	550	True	102.01412249778453	494.1851457997431	-1
16	600	True	111.30878228380756	493.73709884515694	-1
16	650	True	120.49783288994948	492.5046523463398	-1
16	700	True	129.91429158719083	491.98480922003256	-1
16	750	True	139.39684218077772	492.16373027245544	-1
16	800	True	148.74620747387786	493.73269238407255	-1
16	850	True	157.3785644188413	495.9584960822359	-1
16	900	False	164.38669768536445	495.5700952758755	-1
16	900	False	164.38669768536445	495.5700952758755	-1
23	0	True	4.52838537715338	500.06254265995	-1
23	50	True	10.752618700786005	500.5838217747123	-1
23	100	True	19.667432374387108	501.2293015892265	-1
23	150	True	28.763146063733746	502.2797263443794	-1
23	200	True	37.92661619599047	501.7774086407318	-1
23	250	True	47.120763364702356	501.7574548534002	-1
23	300	True	56.33707941635295	503.12300444695455	-1
23	350	True	65.72493811494093	503.28310944585013	-1
23	400	True	74.94144840545566	502.75053774629913	-1
23	450	True	84.12843409339715	503.9448023198223	-1
23	500	True	93.34232937067318	504.43609634223196	-1
23	550	True	102.65842784841713	504.0922500262329	-1
23	600	True	111.98620240153136	504.87367986122905	-1
23	650	True	121.2993595597812	504.272948793017	-1
23	700	True	130.5683500370562	504.50449055660386	-1
23	750	True	139.83999343102548	506.0828478426858	-1
23	800	True	149.3118454106922	506.17209272939544	-1
23	850	True	158.35921146073636	504.1340036831527	-1
23	900	False	166.44631801682254	502.161251133666	-1
23	900	False	166.44631801682254	502.161251133666	-1
13	0	True	4.53417395869717	500.13158580123496	-1
13	50	True	9.801702045316192	500.35022170022535	-1
13	100	True	18.627633538355212	499.9479458760552	-1
13	150	True	27.50511343378311	499.41069125101507	-1
13	200	True	36.60932704995549	499.81215199555226	-1
13	250	True	45.76044360172188	500.11778511194603	-1
13	300	True	55.02977593189636	500.5316916916851	-1
13	350	True	64.2835831666573	500.3989130143206	-1
13	400	True	73.6168858565758	500.4866553285886	-1
13	450	True	82.85762246732398	500.67272421525547	-1
13	500	True	92.0178826282199	500.08316815081804	-1
13	550	True	101.13761667975353	499.32395164192997	-1
13	600	True	110.4144014171218	499.270913110933	-1
13	650	True	119.87027417441564	499.52781415537197	-1
13	700	True	129.2757820856874	499.91613114208764	-1
13	750	True	138.7087912608487	499.79571767220733	-1
13	800	True	148.26306059800928	500.21083900527447	-1
13	850	True	157.22773270715098	502.23329674285645	-1
13	900	False	164.55211872977407	503.81908647142905	-1
13	900	False	164.55211872977407	503.81908647142905	-1
26	0	True	4.833933314259403	499.66986016258943	-1
26	50	True	10.985689190505832	498.2896910303129	-1
26	100	True	19.70629773940013	498.2183623490101	-1
26	150	True	28.856955167681487	497.8350279619446	-1
26	200	True	38.08161601871278	497.67655188346674	-1
26	250	True	47.26841800972578	497.3207355055609	-1
26	300	True	56.384004606092155	498.11198324931655	-1
26	350	True	65.45132516687195	497.87219718001154	-1
26	400	True	74.48704303257564	498.47597884270175	-1
26	450	True	83.44106233521504	500.00419686143516	-1
26	500	True	92.81796867757507	499.82191605960566	-1
26	550	True	102.0614062948507	498.70528046209176	-1
26	600	True	111.39617071923307	498.4738997428082	-1
26	650	True	120.59163027552977	498.8496242681267	-1
26	700	True	129.92698622714866	500.21994800962364	-1
26	750	True	139.0959636061952	501.4947992750037	-1
26	800	True	148.24599334204814	503.86061323402197	-1
26	850	True	157.26761711352208	506.0101323931977	-1
26	900	False	164.95259044336805	508.0959444778284	-1
26	900	False	164.95259044336805	508.0959444778284	-1
1	0	True	4.571163098654766	500.65953641030967	-1
1	50	True	11.640321986911026	501.52443804085345	-1
1	100	True	20.4052211231157	500.95641310324197	-1
1	150	True	29.57941570159945	501.7237404168149	-1
1	200	True	38.769020960505955	501.7246053197486	-1
1	250	True	47.81777248790657	501.5712235891069	-1
1	300	True	56.996983332914425	501.1106014715966	-1
1	350	True	66.16477359525312	501.57624822503544	-1
1	400	True	75.40112912068255	501.5291813724377	-1
1	450	True	84.446229695503	500.567302248979	-1
1	500	True	93.57078855479732	500.0970510158998	-1
1	550	True	102.76472023781804	499.93831569205554	-1
1	600	True	111.95726025418539	498.63289345172973	-1
1	650	True	121.02221058924124	498.2215182538981	-1
1	700	True	130.19632144974352	497.6586060591548	-1
1	750	True	139.24021772304508	495.7660255197054	-1
1	800	True	148.63256926889335	495.6344203023952	-1
1	850	True	158.04677412990787	494.9836119894371	-1
1	900	True	167.3701469326882	493.7077042287086	-1
1	950	False	175.69950975218632	493.0821052358075	-1
1	950	False	175.69950975218632	493.0821052358075	-1
30	0	True	5.044096705828123	500.2708294407765	-1
30	50	True	11.608761792151677	499.5606788772568	-1
30	100	True	20.495393854463124	499.31631854680785	-1
30	150	True	29.129806751210484	499.08263626570056	-1
30	200	True	38.330480933796046	499.47455633617966	-1
30	250	True	47.42977056930861	499.5942259705791	-1
30	300	True	56.50105844136676	500.4663532223475	-1
30	350	True	65.47771744851383	500.8359288246901	-1
30	400	True	74.72944740976168	500.5915138782503	-1
30	450	True	83.91027089861679	501.4032061919199	-1
30	500	True	92.64053013987876	503.33696260240595	-1
30	550	True	101.79860323003517	502.8259935763142	-1
30	600	True	111.07468277428123	501.2633152087146	-1
30	650	True	120.39901008650214	499.6069433361738	-1
30	700	True	129.62265531979574	498.59107694444606	-1
30	750	True	138.99743249281298	498.00699329091793	-1
30	800	True	148.42416858576453	497.7632177490338	-1
30	850	True	157.9215840928811	498.36971226405586	-1
30	900	True	167.40326931485646	497.8946105546712	-1
30	950	False	175.94631875865974	495.9229922233686	-1
30	950	False	175.94631875865974	495.9229922233686	-1
11	0	True	5.047366508217151	499.36279424113116	-1
11	50	True	12.170352655449879	499.5187855289834	-1
11	100	True	21.058543431350454	499.24308967721606	-1
11	150	True	30.074069991192594	498.8371557012806	-1
11	200	True	39.18622651041208	498.5025609872995	-1
11	250	True	48.28704677494342	498.9959073464959	-1
11	300	True	57.44287516656712	499.66933102205513	-1
11	350	True	66.5022573725165	498.99365032676485	-1
11	400	True	75.68921540698365	497.6555259847759	-1
11	450	True	84.98602037831262	498.14126880279656	-1
11	500	True	94.17988422204509	498.919593373258	-1
11	550	True	103.5555182674523	499.28935259351715	-1
11	600	True	112.91010378855175	500.4213875172479	-1
11	650	True	122.2334520665875	500.619265722648	-1
11	700	True	131.53772051599424	499.48846588172285	-1
11	750	True	140.83805331873774	497.8769237108872	-1
11	800	True	150.36512044283575	498.601873283869	-1
11	850	True	159.76213913061085	499.3941693141857	-1
11	900	True	169.01713858075388	501.3312938065839	-1
11	950	False	177.05363483610168	503.9608530127181	-1
11	950	False	177.05363483610168	503.9608530127181	-1
20	0	True	4.60841616255706	500.11286376274086	-1
20	50	True	11.348061900341758	499.48175744988606	-1
20	100	True	19.92669432080163	499.0062595595256	-1
20	150	True	28.932571308631292	498.7248745129146	-1
20	200	True	38.36530437062773	499.27982285574325	-1
20	250	True	47.717512753459594	499.26081424958085	-1
20	300	True	56.779995562280554	498.68927441158684	-1
20	350	True	65.87253137030936	498.1810213566143	-1
20	400	True	75.18604710846994	498.18800358311216	-1
20	450	True	84.50729895323502	498.68929985822825	-1
20	500	True	93.81702706913738	499.35663744450954	-1
20	550	True	103.17290401812062	500.0792871195283	-1
20	600	True	112.39440193171723	501.7904452427205	-1
20	650	True	121.76068412412688	502.78868261928426	-1
20	700	True	131.03941033248665	501.58432372038067	-1
20	750	True	140.3863240909299	500.9525034882516	-1
20	800	True	149.70853135125174	501.64733512033683	-1
20	850	True	158.53067129596565	504.5591296442463	-1
20	900	True	167.3572589899768	507.19947139883163	-1
20	950	False	174.57647186197931	509.79198306614677	-1
20	950	False	174.57647186197931	509.79198306614677	-1
19	0	True	4.875862813677062	500.67652541243507	-1
19	50	True	11.887460938547953	499.3344255111897	-1
19	100	True	20.60677417651672	499.3920185349158	-1
19	150	True	29.8773934758182	499.16360548083054	-1
19	200	True	39.14610485573017	498.51047106173945	-1
19	250	True	48.46524615067181	498.9657664930771	-1
19	300	True	57.760490901255395	498.4289408913262	-1
19	350	True	67.09031522896204	497.5899891176621	-1
19	400	True	76.3941970239318	497.96223511783677	-1
19	450	True	85.74934075585149	497.6779011932137	-1
19	500	True	95.07607574471054	497.1693972419465	-1
19	550	True	104.41477155644834	496.9539382092586	-1
19	600	True	113.68337258904045	495.2117695280718	-1
19	650	True	122.9658884229971	493.20340707365875	-1
19	700	True	132.26671004111103	492.62930842869446	-1
19	750	True	141.8128071147342	492.35243899906834	-1
19	800	True	151.21101809921373	491.12818049510753	-1
19	850	True	159.6116612841055	487.2382626787418	-1
19	900	True	167.78196589402037	482.8374071884257	-1
19	950	True	176.56436773419853	479.3909626480985	-1
19	1000	True	184.97711197559332	475.5146298255276	-1
19	1050	False	192.66306844077263	473.06799835260205	-1
19	1050	False	192.66306844077263	473.06799835260205	-1
6	0	True	4.733711691347768	499.5317320197311	-1
6	50	True	8.4500585627915	500.37832683697434	-1
6	100	True	17.18507825571104	500.04088598112924	-1
6	150	True	26.007654415305534	500.76717531175416	-1
6	200	True	35.05852312168119	500.3343435069447	-1
6	250	True	44.07612335508292	499.78302700239357	-1
6	300	True	53.19625767591363	499.32437229495497	-1
6	350	True	62.4607939211238	499.850389233856	-1
6	400	True	71.48234762639153	500.3824570328579	-1
6	450	True	80.78006785507961	500.42797598792833	-1
6	500	True	90.081595350341	499.13817179887684	-1
6	550	True	99.50925280892695	498.2896201941091	-1
6	600	True	108.66441472985589	498.35478775967107	-1
6	650	True	117.8765081306235	499.77276589849913	-1
6	700	True	127.33102830221537	499.78063767029664	-1
6	750	True	136.7344246452507	499.701662739248	-1
6	800	True	146.13668665794987	499.73621601864465	-1
6	850	True	155.64892720724038	499.2945524255437	-1
6	900	True	165.00328956834198	497.43953818227845	-1
6	950	True	174.07627036288665	496.12468893298785	-1
6	1000	True	183.30261944746664	494.0320761105756	-1
6	1050	False	190.617546534894	491.5929144252575	-1
6	1050	False	190.617546534894	491.5929144252575	-1
22	0	True	4.845185941728828	499.4322287898336	-1
22	50	True	10.794856640560539	497.92052981014	-1
22	100	True	19.496313369015215	497.68773204366533	-1
22	150	True	28.64317389372852	497.9457784169524	-1
22	200	True	37.56098426014424	497.0488777007607	-1
22	250	True	46.670672749560495	496.99495329145935	-1
22	300	True	55.91637573566084	496.84908115984996	-1
22	350	True	65.05578692004502	495.6024029768242	-1
22	400	True	74.1725631291225	496.19551192634907	-1
22	450	True	83.40752373267678	496.00048843982796	-1
22	500	True	92.65514534469271	496.445430333141	-1
22	550	True	101.72866814028338	497.63155671244397	-1
22	600	True	111.05836871342912	497.2695932687737	-1
22	650	True	120.3305265556031	496.7568517811735	-1
22	700	True	129.69682575118253	496.97018521422035	-1
22	750	True	138.8336109394199	496.862959882416	-1
22	800	True	148.0595611244118	495.2634203960382	-1
22	850	True	156.9940096143106	492.3443720418592	-1
22	900	True	166.17154508728703	490.25234767848787	-1
22	950	True	175.36340168447896	487.8660660821901	-1
22	1000	True	184.48960246917207	485.0882692535177	-1
22	1050	True	193.27106795691986	482.14353287026006	-1
22	1100	False	200.48928917061747	479.0758838894616	-1
22	1100	False	200.48928917061747	479.0758838894616	-1
33	0	True	4.749889179910117	500.16411958389455	-1
33	50	True	11.739133120382208	500.02197471358465	-1
33	100	True	21.095056461219144	500.9836236804716	-1
33	150	True	30.349803759794632	501.47259659318087	-1
33	200	True	39.64136259062952	500.86365579958425	-1
33	250	True	48.92031265213794	499.93398539140424	-1
33	300	True	58.25826339258495	498.99460940019617	-1
33	350	True	67.50703736851052	497.8875952862196	-1
33	400	True	76.82109492263947	496.5467198552719	-1
33	450	True	86.0648874704818	495.4129678391186	-1
33	500	False	94.71497149003282	493.7724115096532	-1
33	500	False	94.71497149003282	493.7724115096532	-1
38	0	True	5.464165662356823	499.60104370085827	-1
38	50	True	10.568500987525947	499.7389618592193	-1
38	100	True	19.490939051225986	500.36426550739816	-1
38	150	True	28.710492655365396	499.7805738420071	-1
38	200	True	37.87340229104499	498.39632023220867	-1
38	250	True	47.13370379060957	498.54273798090145	-1
38	300	True	56.23683519167783	496.8620262878259	-1
38	350	True	65.55413266442504	496.83941581496845	-1
38	400	True	74.9356919900452	497.7989832075742	-1
38	450	True	84.12553018486282	499.6074613620045	-1
38	500	True	93.23737335697008	501.34164832070815	-1
38	550	False	101.391129763603	502.53131846511064	-1
38	550	False	101.391129763603	502.53131846511064	-1
43	0	True	5.062620282742261	500.16027081617256	-1
43	50	True	10.09743853326564	500.5508391170581	-1
43	100	True	19.020606645034484	500.3582350335962	-1
43	150	True	28.146006340058978	500.98029001294867	-1
43	200	True	37.144546753728264	500.82148144695225	-1
43	250	True	46.09982304579384	501.38590573093916	-1
43	300	True	55.267582392484194	502.1272154244796	-1
43	350	True	64.31301313085332	503.3352152179566	-1
43	400	True	73.64420870079648	503.9298759783545	-1
43	450	True	82.88107089940289	502.87473867719035	-1
43	500	True	91.74225907182401	504.7923659148515	-1
43	550	False	100.22065795262785	505.5810856562801	-1
43	550	False	100.22065795262785	505.5810856562801	-1
41	0	True	4.57660278885582	500.3723726585336	-1
41	50	True	9.881108909506244	499.7956537412771	-1
41	100	True	18.632188588822654	500.7223394949962	-1
41	150	True	27.78915733962798	500.94047977802137	-1
41	200	True	36.8010555594409	501.68116498119616	-1
41	250	True	45.64209478855138	502.0692424246098	-1
41	300	True	54.81329638132397	501.60381793856584	-1
41	350	True	64.05551042512252	502.21902401329766	-1
41	400	True	73.39764637868257	503.11765405741244	-1
41	450	True	82.73860562420533	502.49766211541015	-1
41	500	True	91.80356929480259	504.2967857713485	-1
41	550	True	101.11430415790197	505.54972242626565	-1
41	600	False	110.21174834758203	506.1956924330277	-1
41	600	False	110.21174834758203	506.1956924330277	-1
46	0	True	4.8880920214511825	500.1889625554308	-1
46	50	True	10.24777740993625	498.6891145168696	-1
46	100	True	19.009270693229595	497.4755994780808	-1
46	150	True	28.110238196494116	497.6101059858308	-1
46	200	True	37.26369615934335	498.1549976098247	-1
46	250	True	46.62278632160504	497.5088580147762	-1
46	300	True	55.858905625478926	497.02094930984185	-1
46	350	True	65.17080998718954	496.30635833375146	-1
46	400	True	74.41668721150204	495.29976184703804	-1
46	450	True	83.51207344906835	495.38516757741763	-1
46	500	True	92.99088236519032	495.5889796935337	-1
46	550	True	102.17861430040574	497.3654340503047	-1
46	600	False	110.9125132726784	499.10026906572347	-1
46	600	False	110.9125132726784	499.10026906572347	-1
52	0	True	5.262018414112032	499.45818043684596	-1
52	50	True	10.033908790614044	499.3350224923761	-1
52	100	True	18.824483822700508	497.68006746655124	-1
52	150	True	27.876172724214772	496.89008933564884	-1
52	200	True	37.15644541539428	497.5122697899709	-1
52	250	True	46.39701453621551	496.8887224709554	-1
52	300	True	55.66625453377934	497.17949625725544	-1
52	350	True	64.73459458528444	497.8497149849952	-1
52	400	True	73.84397340813305	497.27976689180275	-1
52	450	True	83.11139515285888	495.7243661101716	-1
52	500	True	92.45361588716437	495.03549417607763	-1
52	550	True	101.83214924922322	495.1285978028237	-1
52	600	False	110.47210699645548	494.05815470901234	-1
52	600	False	110.47210699645548	494.05815470901234	-1
40	0	True	4.744796201416014	500.7831964193585	-1
40	50	True	8.490344259082939	502.334552816221	-1
40	100	True	17.238224158603902	500.8592715795509	-1
40	150	True	26.163264132225738	499.85769001846154	-1
40	200	True	35.12435974068293	498.76698548574586	-1
40	250	True	44.172100388436704	497.08499196343865	-1
40	300	True	53.37076928573652	497.2440437083593	-1
40	350	True	62.63587240436289	497.1742685919952	-1
40	400	True	71.89427411693651	497.4959035881035	-1
40	450	True	81.14316664075642	496.9654356625936	-1
40	500	True	90.50361785184663	497.17579136536773	-1
40	550	True	99.71110686504144	498.44937870446006	-1
40	600	True	109.14483516532695	498.9138261565019	-1
40	650	True	118.34348867382447	501.1259215685538	-1
40	700	False	127.2035856689996	501.8257622811839	-1
40	700	False	127.2035856689996	501.8257622811839	-1
34	0	True	5.125653986627339	499.8577433871641	-1
34	50	True	9.794234388963924	498.0416653014062	-1
34	100	True	18.896133800384575	498.98907890936954	-1
34	150	True	28.115467242075635	498.6205428377917	-1
34	200	True	37.08522605145587	500.0203833431207	-1
34	250	True	46.304815340167956	499.3061930120901	-1
34	300	True	55.46475320049638	498.1891160632451	-1
34	350	True	64.78005233297304	498.37924248170583	-1
34	400	True	73.90342832375299	498.728817545394	-1
34	450	True	83.14590140840701	500.07065086334404	-1
34	500	True	92.19621829133445	502.31789345022077	-1
34	550	True	101.68093680945557	502.48616409470173	-1
34	600	True	110.72663167751452	500.7778967723846	-1
34	650	True	119.43902119088573	497.55535968404035	-1
34	700	True	128.73593195014095	495.50720107063904	-1
34	750	True	137.540803282506	493.36402759986834	-1
34	800	False	145.19425086969673	492.4649607794705	-1
34	800	False	145.19425086969673	492.4649607794705	-1
39	0	True	5.61785654579656	499.5598725575091	-1
39	50	True	9.870437272839828	499.932475978856	-1
39	100	True	18.495093041791556	497.7694906880832	-1
39	150	True	27.524440745034134	496.4267524091689	-1
39	200	True	36.333395858219	495.8735685697327	-1
39	250	True	45.352844727529835	496.316591731058	-1
39	300	True	54.37769186883931	495.8164911380856	-1
39	350	True	63.62543936218431	495.1743247847074	-1
39	400	True	72.79417809676235	495.7577633187567	-1
39	450	True	82.05044938107928	495.53687867226813	-1
39	500	True	91.38711374023377	494.73079987941344	-1
39	550	True	100.50168128998523	495.37484423559766	-1
39	600	True	109.79948608223621	495.3959415198399	-1
39	650	True	118.92146974688788	493.59209861842976	-1
39	700	True	127.9076031011692	491.914862543966	-1
39	750	False	136.37517817492457	490.89455204350276	-1
39	750	False	136.37517817492457	490.89455204350276	-1
53	0	True	5.169614085882	500.16881339946013	-1
53	50	True	10.397442240346114	499.67531999299325	-1
53	100	True	19.441611022518185	500.1909479764965	-1
53	150	True	28.40964544854061	500.2937288925933	-1
53	200	True	37.35243237785654	499.06134515626474	-1
53	250	True	46.512274453211525	498.3945989543114	-1
53	300	True	55.52424359236913	499.0989653634351	-1
53	350	True	64.59976447709427	498.9053793348095	-1
53	400	True	73.97989528394673	498.5373057395185	-1
53	450	True	83.20314031491938	497.63249684965143	-1
53	500	True	92.42681428190353	497.9004378066629	-1
53	550	True	101.83796357785255	497.3595780311497	-1
53	600	True	111.23388316599258	496.32779168019874	-1
53	650	False	119.82072533296648	495.24492223266674	-1
53	650	False	119.82072533296648	495.24492223266674	-1
47	0	True	5.312023183994122	499.4098426742968	-1
47	50	True	9.761920158114707	500.1854340246873	-1
47	100	True	18.595491898813812	500.3468726866416	-1
47	150	True	27.489271995776967	499.0469434414607	-1
47	200	True	36.716610117643015	497.85196899071775	-1
47	250	True	45.83302729434315	496.3036801722639	-1
47	300	True	54.915070249845286	496.31497561890393	-1
47	350	True	64.07402399486848	495.99330467183034	-1
47	400	True	73.31194468723837	495.4042668193388	-1
47	450	True	82.7245454594349	494.9029799557777	-1
47	500	True	91.99896699361807	496.07565832529383	-1
47	550	True	101.3680875884143	496.41758533036716	-1
47	600	True	110.67993263228692	494.78902789363747	-1
47	650	True	119.95153204617877	493.10509006240017	-1
47	700	False	128.12522318896364	491.9615923360412	-1
47	700	False	128.12522318896364	491.9615923360412	-1
54	0	True	4.880638470582672	500.39438665957147	-1
54	50	True	10.608667498796374	500.3497932687059	-1
54	100	True	19.514291380984478	499.3178020609567	-1
54	150	True	28.64056850988325	499.1115478148026	-1
54	200	True	37.919702518112096	498.81891399562085	-1
54	250	True	46.951081551396214	498.33975874347396	-1
54	300	True	56.16818986607567	498.27206480444903	-1
54	350	True	65.4420713074979	497.4180706408823	-1
54	400	True	74.4852290509334	496.4850619575169	-1
54	450	True	83.8615485988662	496.776184535003	-1
54	500	True	93.23546673768105	497.47820853186374	-1
54	550	True	102.52159257112636	498.5518156166417	-1
54	600	True	111.73182255584987	500.6014407942622	-1
54	650	False	120.37218615248669	501.05506986196076	-1
54	650	False	120.37218615248669	501.05506986196076	-1
42	0	True	4.66932926038379	499.93758080317986	-1
42	50	True	11.164084293985054	499.896527332582	-1
42	100	True	19.92323516576441	498.9759766445341	-1
42	150	True	28.98394661480455	499.08306877820326	-1
42	200	True	38.144050578883494	498.7633663722984	-1
42	250	True	47.328859931789424	498.60141134126565	-1
42	300	True	56.506004425580194	498.4662028944576	-1
42	350	True	65.64170330723044	498.5284040566343	-1
42	400	True	74.65094247951319	498.25339176700726	-1
42	450	True	83.4057099662007	497.80397262448065	-1
42	500	True	92.57929053741087	495.9285570252524	-1
42	550	True	101.93275619778396	494.83507520636783	-1
42	600	True	111.22448348715668	493.9384488072257	-1
42	650	True	120.45283084511907	494.7102356035575	-1
42	700	True	130.00363330160997	494.67741594553405	-1
42	750	False	138.46244278263168	496.7235112912339	-1
42	750	False	138.46244278263168	496.7235112912339	-1
58	0	True	5.611232495275575	499.32679942219437	-1
58	50	True	10.256608256752317	498.5168940375509	-1
58	100	True	19.03854148414712	498.2730751843997	-1
58	150	True	28.156721856052187	498.7359716962434	-1
58	200	True	37.12465534876389	499.334877916951	-1
58	250	True	46.22171417540403	498.9481055081709	-1
58	300	True	55.30396674612934	497.29844802248357	-1
58	350	True	64.58295918511857	497.66621786118606	-1
58	400	True	73.89449470080166	497.4370751222194	-1
58	450	True	83.14482357655363	498.2262756375327	-1
58	500	True	92.3762436898193	498.8269918923209	-1
58	550	True	101.5192837889651	500.46008157446283	-1
58	600	False	109.87041462420913	501.5571147474285	-1
58	600	False	109.87041462420913	501.5571147474285	-1
36	0	True	5.178277762138481	500.17534163000033	-1
36	50	True	11.545681897648404	500.8158821691629	-1
36	100	True	20.313592783357667	501.1219680435721	-1
36	150	True	29.34486791093359	500.51911373678115	-1
36	200	True	38.45583027594373	500.5151769030998	-1
36	250	True	47.342903730657305	501.3361652469602	-1
36	300	True	56.45994756043364	501.2186361398387	-1
36	350	True	65.5106792740068	501.20847199121397	-1
36	400	True	74.8346252911089	500.94962839890303	-1
36	450	True	84.15141140755708	500.7793209323057	-1
36	500	True	93.3286924670365	500.57281412883975	-1
36	550	True	102.59747664731673	501.62132440660037	-1
36	600	True	111.87446256448577	502.1106130950923	-1
36	650	True	121.31214681576105	503.3018194220303	-1
36	700	True	130.69947184445633	504.5527036621831	-1
36	750	True	140.09491510499655	504.9918530183986	-1
36	800	True	149.3384385521826	503.9269323880123	-1
36	850	False	157.1315789338629	501.71236294358204	-1
36	850	False	157.1315789338629	501.71236294358204	-1
45	0	True	4.742836260128358	499.95066472562127	-1
45	50	True	10.216266242287888	501.0405055911507	-1
45	100	True	19.22645523751506	501.0816642249336	-1
45	150	True	27.997818148695526	501.47181949871106	-1
45	200	True	36.959010700524125	502.50385600000914	-1
45	250	True	46.15998842937449	502.1503198861455	-1
45	300	True	55.05565445757856	503.3357615671976	-1
45	350	True	64.29711487695747	503.5883407224811	-1
45	400	True	73.62124370718735	503.0421511003979	-1
45	450	True	82.85936993050396	502.4075219141868	-1
45	500	True	91.95423096146887	503.7794829321135	-1
45	550	True	101.20921925354226	505.5116912471386	-1
45	600	True	110.32412899197776	506.7509852504206	-1
45	650	True	119.84115612580621	507.2830027726068	-1
45	700	True	128.82875268709415	509.53375085197257	-1
45	750	True	137.51366260851847	511.26450318140473	-1
45	800	False	145.05726141643126	513.9904875930721	-1
45	800	False	145.05726141643126	513.9904875930721	-1
48	0	True	4.945012424210664	499.5774717379287	-1
48	50	True	11.12101597124291	499.8678206373617	-1
48	100	True	20.167575760585546	500.28408347582916	-1
48	150	True	29.284369501499395	500.03066413751634	-1
48	200	True	38.41800762133496	499.84599863449216	-1
48	250	True	47.47723935298417	500.7706666071792	-1
48	300	True	56.67251546883544	500.2945041216045	-1
48	350	True	65.7824124854084	501.04177651473304	-1
48	400	True	75.17270139667663	501.4664282295032	-1
48	450	True	84.5155668900432	502.5250782834842	-1
48	500	True	93.93256446949256	502.29943046363593	-1
48	550	True	103.22001884736052	501.6680445671716	-1
48	600	True	112.32205342188483	499.48369457718513	-1
48	650	True	121.72491010529033	498.6928833185171	-1
48	700	True	130.83431397492097	497.9950212510063	-1
48	750	False	139.32567874335342	496.8222903219137	-1
48	750	False	139.32567874335342	496.8222903219137	-1
56	0	True	5.2869204895678115	500.32948072928303	-1
56	50	True	10.2415745346707	499.5265769439658	-1
56	100	True	19.362606555762635	499.9656804201673	-1
56	150	True	28.476385739208194	499.7407478866129	-1
56	200	True	37.619990990191496	500.49849080966214	-1
56	250	True	46.64945048429299	501.1306244646392	-1
56	300	True	56.030571746516536	501.12744679711886	-1
56	350	True	65.34309672420311	502.22503418314466	-1
56	400	True	74.7640011891316	502.9988195623885	-1
56	450	True	84.02790874024596	503.7598373208767	-1
56	500	True	93.50826841150122	504.24245396061474	-1
56	550	True	102.77108074839241	502.7115827206796	-1
56	600	True	111.93628081823589	501.6948535276227	-1
56	650	True	120.87072120053608	503.4951347673812	-1
56	700	False	128.38267797553328	504.5700470730089	-1
56	700	False	128.38267797553328	504.5700470730089	-1
37	0	True	4.225793505494831	500.2399793011995	-1
37	50	True	8.663840215651188	499.7348659493638	-1
37	100	True	17.691209059996197	498.81641449685964	-1
37	150	True	26.48588944580483	497.8863787478805	-1
37	200	True	35.51143863649738	498.3455140355913	-1
37	250	True	44.69045491564198	498.46675740353857	-1
37	300	True	54.02420928121299	498.85612050299994	-1
37	350	True	63.22186038721406	499.94586087513574	-1
37	400	True	72.52554556014799	499.61549757647265	-1
37	450	True	81.6279608904261	499.01629580978687	-1
37	500	True	90.82313358839184	498.28193848125915	-1
37	550	True	100.21508622904243	497.92361960469987	-1
37	600	True	109.60363043744265	497.60351808986064	-1
37	650	True	119.08229715239527	498.174457881178	-1
37	700	True	128.47550586866956	499.208860223693	-1
37	750	True	137.8689428485786	500.4386188899807	-1
37	800	True	147.02303090252244	502.7194680368332	-1
37	850	True	155.72198293029862	505.96464872509335	-1
37	900	True	164.51807113919094	509.08196526848286	-1
37	950	False	172.73297684202242	510.4097498486579	-1
37	950	False	172.73297684202242	510.4097498486579	-1
55	0	True	5.48435977734189	500.11267887915096	-1
55	50	True	10.356941591375506	500.04810612176766	-1
55	100	True	19.212011712634727	500.3494542499511	-1
55	150	True	28.309786056644462	500.8938751578471	-1
55	200	True	37.27201170313784	500.79769321921395	-1
55	250	True	46.2578686055448	501.01512346117977	-1
55	300	True	55.53658954367629	502.06869097210625	-1
55	350	True	64.71699438057348	502.9497651362925	-1
55	400	True	73.72036802667716	501.97231787660934	-1
55	450	True	83.1419878503672	502.62614433055813	-1
55	500	True	92.4899153275398	503.54942740485217	-1
55	550	True	101.85204488540161	502.86878080419154	-1
55	600	True	111.25744909656194	501.44615886097824	-1
55	650	True	120.68921186939296	501.9039842022637	-1
55	700	True	129.42360480779402	503.72124749062283	-1
55	750	False	137.41830822104166	505.213672815833	-1
55	750	False	137.41830822104166	505.213672815833	-1
60	0	True	5.26834143967156	499.82606042797056	-1
60	50	True	11.318831894913243	499.47152595331335	-1
60	100	True	19.984097678045277	500.06840430638414	-1
60	150	True	28.97098113499778	499.9865705242392	-1
60	200	True	38.194678869937626	500.0606379415748	-1
60	250	True	47.43378642110987	500.0797519205208	-1
60	300	True	56.51297125412589	499.3185443235383	-1
60	350	True	65.78460727491121	499.3552046842498	-1
60	400	True	75.06586963630053	498.75827984183195	-1
60	450	True	84.31057480299624	498.207128986284	-1
60	500	True	93.66719645265647	497.57707478057074	-1
60	550	True	102.99609794537808	496.05416082981327	-1
60	600	True	112.21746103550842	494.0798635608674	-1
60	650	True	121.56570621336239	492.6422460657059	-1
60	700	False	130.1724941518119	491.7032747532358	-1
60	700	False	130.1724941518119	491.7032747532358	-1
57	0	True	4.736746819152954	499.7812550268351	-1
57	50	True	10.236216739356243	500.2735328111365	-1
57	100	True	18.641540180330107	500.3560128342406	-1
57	150	True	27.47155363720004	499.0887873142293	-1
57	200	True	36.626910659450125	497.5370732130507	-1
57	250	True	45.94512840630661	497.4074182840297	-1
57	300	True	55.27845055019613	497.78978317650393	-1
57	350	True	64.65065140167287	498.1665482986056	-1
57	400	True	74.08665295347363	497.6637895797618	-1
57	450	True	83.40517885478907	496.6462678672382	-1
57	500	True	92.78455288883133	496.7043765522367	-1
57	550	True	102.2710016061836	495.78735971501175	-1
57	600	True	111.68565234887	495.1176710177652	-1
57	650	True	121.00656183071115	493.89473846836677	-1
57	700	True	130.50002086876233	493.7346157803828	-1
57	750	False	139.1879874078104	492.88912748730655	-1
57	750	False	139.1879874078104	492.88912748730655	-1
44	0	True	4.967937756290401	500.47250083487796	-1
44	50	True	11.309460394407068	498.83847881682414	-1
44	100	True	20.480276624866267	497.6877114644597	-1
44	150	True	29.734094528804743	497.77841213481304	-1
44	200	True	39.05089698430767	497.3452711250548	-1
44	250	True	48.10037573236282	498.2166236914207	-1
44	300	True	57.505779312135516	498.7125185445159	-1
44	350	True	66.78075415311942	498.84468256666554	-1
44	400	True	76.08726504892701	498.60050691842366	-1
44	450	True	85.20793186278364	497.2150500918785	-1
44	500	True	94.48144059024689	496.79471173040605	-1
44	550	True	103.66560953302829	497.2167159311173	-1
44	600	True	113.02156163745458	497.3792437524679	-1
44	650	True	122.44594830184982	497.64080984192503	-1
44	700	True	132.03165547300293	497.5684057985657	-1
44	750	True	141.19334007061934	495.338429697027	-1
44	800	True	150.2277752903499	493.59738161643907	-1
44	850	False	158.13758719794404	492.950207411201	-1
44	850	False	158.13758719794404	492.950207411201	-1
50	0	True	5.270655154048296	499.76430954564574	-1
50	50	True	11.438145566741635	500.2144095845	-1
50	100	True	20.355642302568757	499.5772837141792	-1
50	150	True	29.16910547381098	498.43141693516077	-1
50	200	True	38.19945172898122	498.5267475820905	-1
50	250	True	47.003895050099686	498.6771033635381	-1
50	300	True	56.13063620339579	499.02863762671694	-1
50	350	True	65.22034615665066	498.75262124122236	-1
50	400	True	74.32024468474066	499.6695618271336	-1
50	450	True	83.40278959209839	500.35277301863783	-1
50	500	True	92.53553524093503	500.7521710553744	-1
50	550	True	101.76569731892269	502.4323335469247	-1
50	600	True	110.99014856614507	502.990668163414	-1
50	650	True	120.2175894306719	502.29447749756497	-1
50	700	True	129.590969688105	502.0430436715512	-1
50	750	True	139.00065990466211	500.9473384644668	-1
50	800	True	147.84191661314466	497.89710720530115	-1
50	850	False	156.4122814221235	496.3240802888697	-1
50	850	False	156.4122814221235	496.3240802888697	-1
49	0	True	4.909311875698492	500.35310936730696	-1
49	50	True	9.79803075953526	501.8225991465737	-1
49	100	True	18.612118290872253	502.30566421054556	-1
49	150	True	27.70388686881051	502.6558242561228	-1
49	200	True	36.863271111065174	502.41634640714614	-1
49	250	True	46.09755897068659	502.3388211772142	-1
49	300	True	55.159204008385665	502.81113495392754	-1
49	350	True	64.28910302460085	502.23482708551245	-1
49	400	True	73.66644768526946	502.20430263452647	-1
49	450	True	82.94395091128847	502.8106112203276	-1
49	500	True	92.37002648653835	503.0837335933406	-1
49	550	True	101.81828971927493	502.90626747453854	-1
49	600	True	111.02104593883226	502.16446172238204	-1
49	650	True	120.33339606377851	502.51923568047886	-1
49	700	True	129.79896925899203	500.9883238476944	-1
49	750	True	138.87359297413377	498.7645746244122	-1
49	800	True	147.36969381076003	496.489370031491	-1
49	850	False	155.4697630815668	495.67255104756526	-1
49	850	False	155.4697630815668	495.67255104756526	-1
35	0	True	4.8601787011172854	499.2618447670742	-1
35	50	True	11.219042602392728	499.00670248873564	-1
35	100	True	20.266333583996506	498.1397793740023	-1
35	150	True	29.160236690955266	498.712320147164	-1
35	200	True	37.97981384132573	497.47485391484923	-1
35	250	True	46.917296589781515	496.0827537951856	-1
35	300	True	55.76200938287055	494.2053304073276	-1
35	350	True	64.8526275763551	494.30546547998625	-1
35	400	True	73.96690566390177	494.6591462515118	-1
35	450	True	83.06252541145135	493.7838089696	-1
35	500	True	92.31591930118897	493.49124782054736	-1
35	550	True	101.40338372143852	492.5297838663552	-1
35	600	True	110.48105606905762	490.8233689165007	-1
35	650	True	119.73621776205532	491.4107422222541	-1
35	700	True	128.77438915137444	493.6904006466679	-1
35	750	True	137.97126589120884	495.6253627184953	-1
35	800	True	147.460844704976	496.9839778938841	-1
35	850	True	156.96380908269248	497.22523372075807	-1
35	900	True	166.3616868907971	497.90863158198425	-1
35	950	True	175.35304349702395	500.67342960992386	-1
35	1000	False	183.05560243324786	504.5516473945612	-1
35	1000	False	183.05560243324786	504.5516473945612	-1
64	0	True	5.2874135761527	499.5977260919822	-1
64	50	True	11.50289253915465	500.38468812428164	-1
64	100	True	20.601027761804133	500.88013978992296	-1
64	150	True	29.846080762347654	501.3945574111677	-1
64	200	True	39.135592831960615	501.8887830036407	-1
64	250	True	48.3000603438924	501.44647883066165	-1
64	300	True	57.465704928033794	501.87926412276215	-1
64	350	True	66.76022618452427	500.3505035647264	-1
64	400	True	76.02145525863433	499.83739242122283	-1
64	450	True	85.38186782203306	498.8336317207301	-1
64	500	True	94.88367339166079	498.2660802559074	-1
64	550	True	104.1279242105629	497.1422955101845	-1
64	600	False	112.96472320803649	496.8882331705289	-1
64	600	False	112.96472320803649	496.8882331705289	-1
51	0	True	4.854271513467652	499.68420338931423	-1
51	50	True	10.891819766751668	500.120020927808	-1
51	100	True	19.810982476291	500.31711240462823	-1
51	150	True	28.8336738397982	500.734474882711	-1
51	200	True	37.99309768543699	500.26176284663546	-1
51	250	True	47.111630053882564	501.0976058175117	-1
51	300	True	56.265947075536	500.7718116242796	-1
51	350	True	65.16223025330925	499.3002877258671	-1
51	400	True	74.24788516136026	497.7327326259077	-1
51	450	True	83.33159041338395	498.14580078934483	-1
51	500	True	92.36589340557812	497.1213267795848	-1
51	550	True	101.4050466431226	496.5075909710353	-1
51	600	True	110.61582831022889	497.62203466464115	-1
51	650	True	119.97384632506584	497.8559864532829	-1
51	700	True	129.26825143461517	496.88162991916374	-1
51	750	True	138.66627880896394	497.5950451194934	-1
51	800	True	147.73099956142224	499.0394354624806	-1
51	850	False	155.5507042719711	500.8471979396394	-1
51	850	False	155.5507042719711	500.8471979396394	-1
66	0	True	4.519661702221297	499.84030956971293	-1
66	50	True	9.170210342589666	500.81185332304204	-1
66	100	True	17.90671704561645	500.3469520100353	-1
66	150	True	27.03871355686574	500.88909241827355	-1
66	200	True	36.389248766455886	500.23315176633446	-1
66	250	True	45.625368104237715	500.56241965612713	-1
66	300	True	54.72872259545263	501.69884806667346	-1
66	350	True	63.91876218663137	500.7422874156382	-1
66	400	True	73.25592471670731	499.76714922721754	-1
66	450	True	82.65227335860666	500.19516762390174	-1
66	500	True	91.9725815515231	501.22177754757035	-1
66	550	False	99.96631742300298	502.3578266105815	-1
66	550	False	99.96631742300298	502.3578266105815	-1
62	0	True	4.629185451050821	500.7367316312735	-1
62	50	True	10.534007737300136	499.8984244821637	-1
62	100	True	19.47772286166407	499.7792930934264	-1
62	150	True	28.542386032960003	498.8331717148202	-1
62	200	True	37.71609851651483	498.28305722539466	-1
62	250	True	47.00938551722626	498.0146003777221	-1
62	300	True	56.23122220471332	497.94629390117694	-1
62	350	True	65.36945381929878	498.6739651196502	-1
62	400	True	74.67909892466865	497.8971520266266	-1
62	450	True	83.91989796023206	497.64545420857263	-1
62	500	True	93.34194191425185	497.61137726475056	-1
62	550	True	102.76838375007884	497.98768818584847	-1
62	600	True	112.23817497004582	497.66559361707215	-1
62	650	True	121.65420859799761	496.60894450527974	-1
62	700	True	130.8014307670138	495.3146881854284	-1
62	750	False	138.47014242341228	493.8321113034263	-1
62	750	False	138.47014242341228	493.8321113034263	-1
61	0	True	5.572481603530635	500.281998751938	-1
61	50	True	10.556249186584756	500.45841148016393	-1
61	100	True	19.624727952005603	500.8300337349221	-1
61	150	True	28.776710860342437	501.1268699875088	-1
61	200	True	37.94045829142422	501.99324108984115	-1
61	250	True	47.15712845113077	502.8125800860129	-1
61	300	True	56.445813649169466	503.2460732874904	-1
61	350	True	65.70010358662798	503.92050629291214	-1
61	400	True	74.91817816627426	504.26846659177556	-1
61	450	True	84.09745509323922	504.894580390231	-1
61	500	True	93.43048002626207	505.0636421898006	-1
61	550	True	102.78437563836742	504.5923025854793	-1
61	600	True	112.11576865601457	503.89604481420497	-1
61	650	True	121.57839533947472	502.6542269341384	-1
61	700	True	131.02452215144666	502.65476911708174	-1
61	750	True	140.1743229133705	504.8223795970596	-1
61	800	True	149.66627867340387	505.0038284446737	-1
61	850	True	158.68050862072107	503.0650653488892	-1
61	900	False	165.9202128671657	503.6239178144404	-1
61	900	False	165.9202128671657	503.6239178144404	-1
63	0	True	5.49667397403452	499.4288665515368	-1
63	50	True	11.187938559686065	501.21891707373203	-1
63	100	True	20.181217036741415	501.29709292732787	-1
63	150	True	29.40537091225054	501.7714594793503	-1
63	200	True	38.53436117694776	501.05432489609245	-1
63	250	True	47.66486322999159	500.1110060423645	-1
63	300	True	56.81197081152368	500.166056320277	-1
63	350	True	66.02865359020377	500.46982311037095	-1
63	400	True	75.24807588001364	501.2293724867315	-1
63	450	True	84.52784764526112	500.71297190055736	-1
63	500	True	93.81732214294927	499.8601876779099	-1
63	550	True	103.04772983614104	499.613838476011	-1
63	600	True	112.38454327033362	500.1175805299665	-1
63	650	True	121.64969798493618	500.93141599131894	-1
63	700	True	131.01880841248192	501.0259852485286	-1
63	750	True	140.19511375460203	502.6395576451045	-1
63	800	False	148.08459756643018	503.22585939322323	-1
63	800	False	148.08459756643018	503.22585939322323	-1
65	0	True	4.735977877014372	499.7434051091534	-1
65	50	True	11.155045868889994	498.9629950238372	-1
65	100	True	20.229446262254307	498.7784100388157	-1
65	150	True	29.372418919914526	497.54531615327613	-1
65	200	True	38.54999636125851	497.5141498597685	-1
65	250	True	47.838908710342814	497.2900822041226	-1
65	300	True	57.08248788471849	495.9186964858788	-1
65	350	True	66.32268039425045	494.8485667449387	-1
65	400	True	75.65672504705483	494.608288985245	-1
65	450	True	84.98669970804788	493.49577189773066	-1
65	500	True	94.31528125773548	492.9108539731197	-1
65	550	True	103.47139389936264	493.5339831562862	-1
65	600	True	112.95491507006955	493.9424190035359	-1
65	650	True	121.77873057068102	491.59102953569493	-1
65	700	True	131.1309398790399	490.5908253391318	-1
65	750	True	140.29765336831122	488.4730341815353	-1
65	800	False	148.72491885573365	486.92923821362734	-1
65	800	False	148.72491885573365	486.92923821362734	-1
67	0	True	4.83746735555495	500.51978716395865	-1
67	50	True	10.809883463896814	499.740121589615	-1
67	100	True	19.94422121466517	499.3049103596334	-1
67	150	True	29.00776065167844	500.19230723958765	-1
67	200	True	38.191670850650596	501.5230491336171	-1
67	250	True	47.44647470832527	501.0186940522713	-1
67	300	True	56.60017743990771	501.7969550941716	-1
67	350	True	65.73093784015592	503.6815373633978	-1
67	400	True	75.02587158868833	503.1896682682883	-1
67	450	True	84.35223846517316	501.6363567335533	-1
67	500	True	93.54082021998148	499.3594931693801	-1
67	550	True	103.01050795619767	499.3193469638998	-1
67	600	True	111.76446256505051	497.2134658134958	-1
67	650	False	119.09261433631623	496.0046847100331	-1
67	650	False	119.09261433631623	496.0046847100331	-1
59	0	True	4.4255338594837035	500.42119588834333	-1
59	50	True	9.424604206505503	501.440878179673	-1
59	100	True	18.15647237850868	501.4900837351289	-1
59	150	True	27.163025021437523	499.8436966603165	-1
59	200	True	36.212457930855706	499.5206538185585	-1
59	250	True	45.487999304874585	499.50220682262983	-1
59	300	True	54.61250672883748	498.8878256161045	-1
59	350	True	63.67645541366763	499.07685373188536	-1
59	400	True	72.86358606737858	498.7457044530135	-1
59	450	True	82.17572379133723	498.13550838524117	-1
59	500	True	91.29675545754257	496.9935562246407	-1
59	550	True	100.63560880768162	495.99667745686224	-1
59	600	True	109.97369648299723	494.96630300402103	-1
59	650	True	119.32318795750281	494.6865209908934	-1
59	700	True	128.67624734821106	493.8412560794004	-1
59	750	True	137.8174157240939	491.84857926480373	-1
59	800	True	146.61703978683914	488.8623046299135	-1
59	850	True	155.86298337253132	488.97907023039187	-1
59	900	True	165.32347687045407	488.59038531001767	-1
59	950	True	174.6178100811856	487.27254806898725	-1
59	1000	True	183.52494068397442	484.07123938727193	-1
59	1050	True	192.01495410426242	480.6988155627371	-1
59	1100	False	198.78706911456388	480.339903554744	-1
59	1100	False	198.78706911456388	480.339903554744	-1
82	0	True	4.756343635919758	499.6941412973824	-1
82	50	True	10.578037986866482	500.1564772987204	-1
82	100	True	19.913159494277807	500.2118025315316	-1
82	150	True	29.11750687527852	499.42307832340026	-1
82	200	True	38.28213684487438	498.5723332010604	-1
82	250	True	47.747960009817994	498.8440612784958	-1
82	300	True	57.04676063920272	498.9603473389234	-1
82	350	True	66.41693789838605	499.25299210018153	-1
82	400	True	75.79275074672294	500.40011658026197	-1
82	450	True	85.08141670948886	501.3491780986729	-1
82	500	True	94.07792228515419	502.7780557460377	-1
82	550	False	102.74536956410404	503.48616301011975	-1
82	550	False	102.74536956410404	503.48616301011975	-1
70	0	True	4.797662082353538	500.11428626924095	-1
70	50	True	11.103537779906617	500.5964630912204	-1
70	100	True	20.19067045627352	500.4764463059666	-1
70	150	True	29.168503606099637	501.0831863461531	-1
70	200	True	38.334765108653784	501.7510943237779	-1
70	250	True	47.574833717981846	501.38421419772857	-1
70	300	True	56.59806308718189	501.43992882210404	-1
70	350	True	65.9361036216118	501.9597811640385	-1
70	400	True	75.16701042303262	501.3573001227673	-1
70	450	True	84.10625874556585	500.15759313145156	-1
70	500	True	93.51392729703375	499.8386504280412	-1
70	550	True	102.72278270210637	500.4531926800297	-1
70	600	True	111.87878090465958	501.61684815982994	-1
70	650	True	120.99385659124195	502.9764782804259	-1
70	700	False	129.00803296787603	503.25185176799454	-1
70	700	False	129.00803296787603	503.25185176799454	-1
83	0	True	5.051194977730493	500.2979915040275	-1
83	50	True	11.21730670609021	501.0218817397463	-1
83	100	True	20.129464094041097	500.4836029760316	-1
83	150	True	29.122520421220077	499.4192996647645	-1
83	200	True	37.8954402220114	498.18725317484234	-1
83	250	True	46.92341322534118	499.7879528894769	-1
83	300	True	56.03704452024444	500.45313929087166	-1
83	350	True	65.25347504793477	501.1677221724518	-1
83	400	True	74.33906169970638	501.30775984162193	-1
83	450	True	83.33286107428067	503.36652233824805	-1
83	500	True	92.18069844757049	504.80757744343765	-1
83	550	False	100.03969494056871	505.80032761905574	-1
83	550	False	100.03969494056871	505.80032761905574	-1
77	0	True	5.437813371059797	499.8474349369944	-1
77	50	True	11.594134215534984	499.2413708178085	-1
77	100	True	20.726744989832845	499.22129458810616	-1
77	150	True	29.692510582559496	499.4276734675614	-1
77	200	True	38.86324494906553	499.72453752509796	-1
77	250	True	47.93258696778063	501.0571242649765	-1
77	300	True	56.939198632464134	502.8804190989698	-1
77	350	True	66.20059784726796	502.108451348178	-1
77	400	True	75.4056269097395	501.0739610673507	-1
77	450	True	84.71944538761204	500.63747324522257	-1
77	500	True	94.01494950053248	500.1114263400539	-1
77	550	True	103.21442865434848	501.6072558536951	-1
77	600	True	111.98564745416765	503.8514548137319	-1
77	650	False	119.82417759441886	504.81447054418845	-1
77	650	False	119.82417759441886	504.81447054418845	-1
73	0	True	5.516512448819695	499.8170135694492	-1
73	50	True	12.114880262522643	498.43536426591777	-1
73	100	True	21.33000487004137	497.6184227316004	-1
73	150	True	30.57172649691223	497.23909121211324	-1
73	200	True	39.62826651099201	496.4303785923287	-1
73	250	True	48.79833344492756	494.5707441934719	-1
73	300	True	57.99086702994211	493.9191233197061	-1
73	350	True	67.07736024600005	491.9933012448797	-1
73	400	True	76.40262200649448	490.94642449174586	-1
73	450	True	85.68050027624132	489.46910229717827	-1
73	500	True	94.65052437684247	488.6640317508876	-1
73	550	True	103.9130609996199	487.7203486841363	-1
73	600	True	113.41368985456407	487.2374150600869	-1
73	650	True	122.72556302379563	485.5892184580306	-1
73	700	True	131.60301491236186	483.98893907427134	-1
73	750	False	138.83116977773523	482.58307096319385	-1
73	750	False	138.83116977773523	482.58307096319385	-1
71	0	True	4.749758326553826	500.4126105756978	-1
71	50	True	10.918871647885027	501.8254309615479	-1
71	100	True	19.733433260664636	501.9429270440323	-1
71	150	True	28.67647325752578	502.43709116947815	-1
71	200	True	37.813558452948556	502.14154910605606	-1
71	250	True	46.90374571760994	501.6122457742725	-1
71	300	True	55.74223011251248	502.5395760793875	-1
71	350	True	65.0240606953062	502.89744388523354	-1
71	400	True	74.12378795100791	502.93272942983714	-1
71	450	True	83.40787042809943	501.88051290950085	-1
71	500	True	92.75457864777613	502.6992624999339	-1
71	550	True	101.87703308488975	504.7191665015419	-1
71	600	True	111.166731556687	505.92878338614986	-1
71	650	True	120.60635534032063	506.1377198115945	-1
71	700	True	130.01541842706916	506.42159793517425	-1
71	750	False	138.31828019713495	507.53616479887427	-1
71	750	False	138.31828019713495	507.53616479887427	-1
68	0	True	5.3920037188895735	500.65294456582313	-1
68	50	True	10.166461291417296	502.5520496179699	-1
68	100	True	19.207470922251446	502.4201412476007	-1
68	150	True	28.48521339207667	502.010666790153	-1
68	200	True	37.6740162386353	502.31749535675004	-1
68	250	True	46.7665575806495	503.11043169692846	-1
68	300	True	56.00238891347639	502.5800404720089	-1
68	350	True	65.26235050385475	501.9064338097815	-1
68	400	True	74.46479220747798	501.3277436401955	-1
68	450	True	83.73393384219574	501.69892770190893	-1
68	500	True	92.93889650108719	500.09275325400694	-1
68	550	True	102.32658493474537	499.9759137177765	-1
68	600	True	111.74351217498955	499.34346670539213	-1
68	650	True	121.09467707125351	498.14411900196535	-1
68	700	True	130.3951806125523	497.39772835515953	-1
68	750	True	139.78404860086528	496.39067170533974	-1
68	800	True	148.6319970439072	493.5110782814303	-1
68	850	False	156.79655914295236	491.77294200082275	-1
68	850	False	156.79655914295236	491.77294200082275	-1
84	0	True	5.03958990568486	500.2709984203946	-1
84	50	True	11.220380016304807	501.2844492254755	-1
84	100	True	20.066062287478978	501.9269521386871	-1
84	150	True	29.150706202460167	503.1085696603283	-1
84	200	True	38.25352965030067	504.02443317105036	-1
84	250	True	47.5351306568736	504.76926289933783	-1
84	300	True	56.817780942544594	505.6568038749632	-1
84	350	True	65.95964263873242	505.7064423128568	-1
84	400	True	75.22834429998653	504.9122664726452	-1
84	450	True	84.46227520425218	504.12429928226516	-1
84	500	True	93.63442125339694	505.2671339959209	-1
84	550	True	102.89687637896084	503.86556247279805	-1
84	600	False	111.5781175897262	502.5260180367946	-1
84	600	False	111.5781175897262	502.5260180367946	-1
81	0	True	4.508081949928638	500.2382336779126	-1
81	50	True	8.750611797365782	501.3959185630926	-1
81	100	True	17.5982053222637	501.5902734031513	-1
81	150	True	26.75594389619602	502.66335013923714	-1
81	200	True	35.70547510433123	503.33724939549234	-1
81	250	True	44.878104958132006	504.0779585620167	-1
81	300	True	54.032927807622045	503.62236168509094	-1
81	350	True	63.3728924574735	503.4437028539223	-1
81	400	True	72.55918528494358	503.01535003499424	-1
81	450	True	81.80074654805111	501.6004735921258	-1
81	500	True	91.1166818228897	501.1331896659225	-1
81	550	True	100.54692375123206	500.6870960982889	-1
81	600	True	109.94637261714378	500.1199848522076	-1
81	650	True	118.85656915331235	497.6849224998016	-1
81	700	False	126.62145376366395	497.3860645649893	-1
81	700	False	126.62145376366395	497.3860645649893	-1
94	0	True	4.280454182622093	500.46464910052924	-1
94	50	True	9.225407293656565	500.2525335565749	-1
94	100	True	18.31427779949875	499.6229779990106	-1
94	150	True	27.66890962872629	499.54640823964013	-1
94	200	True	36.942528378851485	499.75325013456415	-1
94	250	True	46.20084530328034	499.89977265856703	-1
94	300	True	55.44088282353255	499.35091944211774	-1
94	350	True	64.80800593968235	500.13908625531053	-1
94	400	True	74.29470621248021	499.6325173723557	-1
94	450	True	83.18842351326	497.02149924228314	-1
94	500	False	91.84352293759493	495.2875333183727	-1
94	500	False	91.84352293759493	495.2875333183727	-1
74	0	True	5.705593583026679	499.5194851521425	-1
74	50	True	12.797235452719308	499.8128481159379	-1
74	100	True	21.65977336417622	499.8935068598451	-1
74	150	True	30.53419898934835	500.6461590786961	-1
74	200	True	39.64060932263445	500.7126799950071	-1
74	250	True	48.72995186253424	502.5818619855214	-1
74	300	True	57.79081725979752	504.12400760550213	-1
74	350	True	67.03837538288693	504.67759034568724	-1
74	400	True	76.1868891057516	504.64675329486846	-1
74	450	True	85.44934301546267	504.011834297168	-1
74	500	True	94.66444915343985	504.8118870529482	-1
74	550	True	103.58377037373424	504.9289983526687	-1
74	600	True	112.89065245291994	506.70916919203523	-1
74	650	True	122.12915184417925	508.794437353172	-1
74	700	True	130.64523300105535	512.3081817208611	-1
74	750	False	138.4794056506744	513.3472842889059	-1
74	750	False	138.4794056506744	513.3472842889059	-1
90	0	True	4.58331503035336	499.7914613704309	-1
90	50	True	10.201244549202874	500.54992226642713	-1
90	100	True	19.258310072393567	500.9830668049737	-1
90	150	True	28.53969916330356	501.1263487764763	-1
90	200	True	37.71835790161315	501.1172153926792	-1
90	250	True	46.960092511426524	501.17846618549305	-1
90	300	True	56.19974873465653	500.904058214628	-1
90	350	True	65.53715704735234	500.9058590870567	-1
90	400	True	74.75491600132142	500.84971783900676	-1
90	450	True	84.10409540123257	501.7486009487927	-1
90	500	True	93.48687212315468	501.8131456774256	-1
90	550	True	102.81367307798723	502.631622095658	-1
90	600	True	112.26033250690638	502.6685540021659	-1
90	650	True	121.71990550897563	503.4531776450253	-1
90	700	False	130.2229918656599	504.2648555929626	-1
90	700	False	130.2229918656599	504.2648555929626	-1
69	0	True	4.493793614171556	500.0823126148894	-1
69	50	True	11.171077249792386	500.86682567609455	-1
69	100	True	20.034301925940433	501.25117981835666	-1
69	150	True	29.13168421036651	500.99398358860043	-1
69	200	True	38.10588582381298	500.5702019517054	-1
69	250	True	47.152615384386074	499.8828544791758	-1
69	300	True	56.179567508493214	500.36532688060225	-1
69	350	True	65.47967877500253	500.21055385456873	-1
69	400	True	74.67291527795419	499.78228168440296	-1
69	450	True	83.95118547503715	498.9176801737965	-1
69	500	True	93.02228802322504	498.10025486769496	-1
69	550	True	102.3276558185151	497.3768943580447	-1
69	600	True	111.76323492001912	497.60558998564255	-1
69	650	True	121.15906429951511	496.9425067870237	-1
69	700	True	130.26434825857262	494.65932162739244	-1
69	750	True	139.6514033818586	493.31179562696263	-1
69	800	True	148.86636105504115	493.99987997226094	-1
69	850	True	158.07660253632477	494.939817961934	-1
69	900	True	167.32452701801094	493.8830879662968	-1
69	950	False	175.9569892919583	492.8485605405384	-1
69	950	False	175.9569892919583	492.8485605405384	-1
88	0	True	5.285816659271357	500.1675727041562	-1
88	50	True	9.488109613655642	499.6374134815343	-1
88	100	True	18.21018951815039	500.33617675184905	-1
88	150	True	27.12484459029355	499.7714262238811	-1
88	200	True	36.25088355347029	499.32146987493434	-1
88	250	True	45.422331836632466	498.3781470070329	-1
88	300	True	54.65247715533478	498.1255156066398	-1
88	350	True	64.01332954247843	497.99715308854235	-1
88	400	True	73.41964787243924	498.4279196012122	-1
88	450	True	82.5014360842452	500.16133793738186	-1
88	500	True	91.49689385967339	499.3256828974665	-1
88	550	True	100.78972923565226	497.8821560105855	-1
88	600	True	109.91107747930451	496.47888893064834	-1
88	650	False	118.07733983936257	495.4968019753332	-1
88	650	False	118.07733983936257	495.4968019753332	-1
76	0	True	5.414512697730368	500.22819230731506	-1
76	50	True	9.498698272385319	501.20783721272215	-1
76	100	True	18.60028682194105	501.0452840260601	-1
76	150	True	27.67548359332496	501.6932727405775	-1
76	200	True	36.675525271047896	501.07381703214094	-1
76	250	True	45.62293289217101	501.44913426591006	-1
76	300	True	54.77063842603864	501.9252891660722	-1
76	350	True	64.00974302164508	502.0959799596852	-1
76	400	True	73.2813553036796	503.0603853136408	-1
76	450	True	82.39798173774605	502.65343081599644	-1
76	500	True	91.75414973456547	502.5145606870008	-1
76	550	True	101.01061052950386	503.3751983240384	-1
76	600	True	110.34753190074366	503.4049851058865	-1
76	650	True	119.69715369847538	504.29263078504925	-1
76	700	True	129.23586413989239	503.87611816451476	-1
76	750	True	138.63295603496374	502.9091657904274	-1
76	800	False	146.72423275892825	501.3414351830222	-1
76	800	False	146.72423275892825	501.3414351830222	-1
87	0	True	5.143741020278549	500.04931977849185	-1
87	50	True	11.84115380100285	499.89833046466623	-1
87	100	True	20.950036258014624	500.88853978826853	-1
87	150	True	30.058576858219485	502.220261682297	-1
87	200	True	39.30890977914592	502.9584394520113	-1
87	250	True	48.592437566199486	503.6200556561632	-1
87	300	True	57.70529084535278	504.4609429305153	-1
87	350	True	66.88231682847027	504.31712712694235	-1
87	400	True	76.13653616440975	504.0092090218516	-1
87	450	True	85.65822740698493	503.6510839476853	-1
87	500	True	95.1466131432575	503.87528315177616	-1
87	550	True	104.4060230959124	501.89908986061016	-1
87	600	True	113.22851930557133	500.00834978768256	-1
87	650	False	121.18635587814964	498.90525006095754	-1
87	650	False	121.18635587814964	498.90525006095754	-1
79	0	True	4.847973952725363	499.92027406961	-1
79	50	True	8.850450921947507	499.5098490698672	-1
79	100	True	17.728564653402294	498.77547920971466	-1
79	150	True	26.78986782683311	499.3481996081935	-1
79	200	True	35.82651988258309	500.0033157945344	-1
79	250	True	45.05691051541058	499.7624118391749	-1
79	300	True	54.17400593790476	498.8941245227735	-1
79	350	True	63.441239683852274	498.3627116896554	-1
79	400	True	72.73352655288572	497.8052279980664	-1
79	450	True	81.8569681446597	498.66766534215236	-1
79	500	True	90.84478089671535	500.4012277755642	-1
79	550	True	99.87890728521592	502.5650246229396	-1
79	600	True	109.1960338257365	503.9043281122043	-1
79	650	True	118.44105555002656	505.9616776555264	-1
79	700	True	127.48428546682635	508.34862978656724	-1
79	750	False	136.3567000567958	509.3479757063085	-1
79	750	False	136.3567000567958	509.3479757063085	-1
78	0	True	5.642744029623118	499.66602225535866	-1
78	50	True	11.834629423380196	499.30879927530503	-1
78	100	True	20.96592272304431	498.84977898681075	-1
78	150	True	30.057804850875662	498.7851102642544	-1
78	200	True	38.96174420746609	499.00069684986016	-1
78	250	True	48.22669648608364	499.5846913552989	-1
78	300	True	57.52773869612939	499.8460395681147	-1
78	350	True	66.75866124456637	500.01575982904967	-1
78	400	True	75.8412785819918	501.21542658525925	-1
78	450	True	84.94338836174637	501.67859885671413	-1
78	500	True	93.93447217501057	501.25536532183463	-1
78	550	True	103.14555216092043	500.0816974483515	-1
78	600	True	112.11293528186486	498.2878958813783	-1
78	650	True	121.30152053177866	496.7974122653187	-1
78	700	True	130.43173483772117	495.089654656109	-1
78	750	True	139.73725349022854	493.786220744346	-1
78	800	True	148.6525885119495	493.02760234754174	-1
78	850	False	156.80586723594396	491.2735263107688	-1
78	850	False	156.80586723594396	491.2735263107688	-1
92	0	True	4.729476318226835	500.5042935755042	-1
92	50	True	9.89629835265368	501.3882905788138	-1
92	100	True	18.630861289139578	502.0312124793934	-1
92	150	True	27.575233420833747	501.8322959325777	-1
92	200	True	36.621512367808116	502.5461530614919	-1
92	250	True	45.75874398510259	503.1231719643037	-1
92	300	True	54.94910274825734	502.35993664662993	-1
92	350	True	63.908248491690976	503.0135250377965	-1
92	400	True	73.04975178776361	503.4132434523113	-1
92	450	True	82.48875777717222	503.34009080015215	-1
92	500	True	91.71081164307542	502.17006458142754	-1
92	550	True	101.0304505893167	502.2089344469369	-1
92	600	True	110.19755985598451	503.62419278537396	-1
92	650	True	119.47345828196599	505.39939904626334	-1
92	700	True	128.40922883608562	506.640321900218	-1
92	750	False	136.529159692865	506.86180536177494	-1
92	750	False	136.529159692865	506.86180536177494	-1
72	0	True	4.875431687851872	499.91986444565276	-1
72	50	True	10.999110994003185	499.75654252124053	-1
72	100	True	20.053150904914784	498.7504166442993	-1
72	150	True	29.23510506805262	497.68095623915553	-1
72	200	True	38.31151651000848	496.81415892953686	-1
72	250	True	47.465489732926166	497.314308095074	-1
72	300	True	56.615597799546755	497.2719676591798	-1
72	350	True	65.48959166706022	497.04407175750686	-1
72	400	True	74.72284353946682	496.95503083720433	-1
72	450	True	83.82306019056074	498.82862672400546	-1
72	500	True	92.97935745537477	500.919165675077	-1
72	550	True	102.26659273683329	500.72696712035014	-1
72	600	True	111.49672732394558	499.57444093753486	-1
72	650	True	120.8948767218695	499.3109407254332	-1
72	700	True	130.37307795889848	499.03591984976794	-1
72	750	True	139.88742234522428	499.50079194657013	-1
72	800	True	149.29821683222585	499.616658231876	-1
72	850	True	158.74013474195255	500.83233906840127	-1
72	900	False	167.36607472227095	501.823695095126	-1
72	900	False	167.36607472227095	501.823695095126	-1
95	0	True	4.735347004630105	499.47164728558994	-1
95	50	True	8.674814432466137	499.3519658653512	-1
95	100	True	17.79857892260646	499.3057665075767	-1
95	150	True	26.919061619323212	498.8657281947844	-1
95	200	True	36.04115783804439	498.78712935706636	-1
95	250	True	45.2968224982014	498.28743052976654	-1
95	300	True	54.53344859540399	498.2493410545193	-1
95	350	True	63.68535157165351	497.5219786269046	-1
95	400	True	73.00913769654335	496.1469713222795	-1
95	450	True	82.44700111189508	494.9218741058473	-1
95	500	True	91.7065422207948	494.25595403410864	-1
95	550	False	100.46651733575601	493.3715658629761	-1
95	550	False	100.46651733575601	493.3715658629761	-1
75	0	True	4.713020113680248	500.03608033936723	-1
75	50	True	8.00998514748448	500.3025945277306	-1
75	100	True	16.949650031266227	500.52491652627526	-1
75	150	True	26.18543715645438	501.32026884323477	-1
75	200	True	35.350047661058916	502.34915604860475	-1
75	250	True	44.47916136535946	502.34690743970197	-1
75	300	True	53.65877955094524	502.97879797230576	-1
75	350	True	62.812585282734936	503.19565281392977	-1
75	400	True	72.13533206057352	503.71150515312166	-1
75	450	True	81.51710077386143	503.5857622265881	-1
75	500	True	90.78311614562448	504.15329829817347	-1
75	550	True	100.02087443610951	504.5506179676828	-1
75	600	True	109.3269071004405	505.5516534260045	-1
75	650	True	118.6994821633182	507.0523564029541	-1
75	700	True	127.93112368521128	509.0328285161938	-1
75	750	True	137.24924457765886	508.6647575019515	-1
75	800	True	145.60944498028533	506.0580939546397	-1
75	850	False	152.67094405136314	505.65058826588177	-1
75	850	False	152.67094405136314	505.65058826588177	-1
86	0	True	4.738882518167299	500.1680854998661	-1
86	50	True	10.103015477062701	499.2448713668376	-1
86	100	True	18.973741753419926	497.71519697517334	-1
86	150	True	28.0858352950976	498.22368842420605	-1
86	200	True	37.14179180994792	498.1346408464713	-1
86	250	True	46.099347492645954	497.8176183246675	-1
86	300	True	54.93763399917627	498.20004157884665	-1
86	350	True	64.01136650523578	497.90261079340326	-1
86	400	True	73.33343984180766	497.2217691868233	-1
86	450	True	82.50411586305675	497.83522724156813	-1
86	500	True	91.509910184109	497.9139044291668	-1
86	550	True	100.60537397453987	496.21095879330653	-1
86	600	True	110.03744885369548	495.9678018865714	-1
86	650	True	119.30284351409708	496.07957691771594	-1
86	700	True	128.71410927114908	497.08931077308404	-1
86	750	True	137.6785216708568	499.18678656971395	-1
86	800	False	145.85492356218325	500.8116821756306	-1
86	800	False	145.85492356218325	500.8116821756306	-1
80	0	True	5.036894919008317	500.357264905014	-1
80	50	True	11.220184495009512	501.1381429157636	-1
80	100	True	20.453933127079768	501.0343771662799	-1
80	150	True	29.501585457102713	501.30656035219795	-1
80	200	True	38.6236560201983	500.7379925315775	-1
80	250	True	47.866469215373264	500.3844012997114	-1
80	300	True	56.97645411752366	500.71419994825254	-1
80	350	True	66.23741426269176	500.5179892615462	-1
80	400	True	75.3830996820038	499.74450953271247	-1
80	450	True	84.60915047779422	499.38661263743154	-1
80	500	True	93.85486531028613	499.0226689222719	-1
80	550	True	103.19628920624766	499.01051219654926	-1
80	600	True	112.38003243730957	499.75147269781985	-1
80	650	True	121.75465215069845	500.9587632280908	-1
80	700	True	131.2039321102677	500.5189811431862	-1
80	750	True	140.5745305749064	500.1258161080852	-1
80	800	True	149.86404519348076	499.2777679973226	-1
80	850	True	158.8772650565793	496.77885660675605	-1
80	900	False	166.56356059752957	494.6095003671425	-1
80	900	False	166.56356059752957	494.6095003671425	-1
93	0	True	5.181377523797645	500.7371073790342	-1
93	50	True	10.380400727447036	500.8351024189958	-1
93	100	True	19.60236180561635	500.42146628006844	-1
93	150	True	28.83586019029085	500.47675306771015	-1
93	200	True	38.06667051725307	500.8729042041361	-1
93	250	True	47.13502262808358	501.1313993999101	-1
93	300	True	56.40765371720516	500.3300355567184	-1
93	350	True	65.5524047706603	500.55093495289054	-1
93	400	True	74.7173062304249	500.0313661388695	-1
93	450	True	83.93811368880216	500.29192192831783	-1
93	500	True	93.16666102809559	498.7094514478262	-1
93	550	True	102.45025495945602	497.2465105155228	-1
93	600	True	111.77048536707744	496.26844734489725	-1
93	650	True	120.97393082418373	494.5416799103698	-1
93	700	False	129.0061143787347	492.76501109507734	-1
93	700	False	129.0061143787347	492.76501109507734	-1
85	0	True	4.26918345135287	500.0875869104289	-1
85	50	True	8.690065146563501	499.6348876126543	-1
85	100	True	17.8158577538768	499.7695356115799	-1
85	150	True	26.88768093590552	499.86602322256164	-1
85	200	True	35.82004639571978	500.9469595715553	-1
85	250	True	44.82310815918198	500.9403191342583	-1
85	300	True	53.96405606802377	500.2182241107567	-1
85	350	True	62.973926889866895	500.1135819089349	-1
85	400	True	71.98320081697688	501.1991642606856	-1
85	450	True	81.35727889301965	500.96644464897844	-1
85	500	True	90.70679047281101	500.7674610808389	-1
85	550	True	99.86078947201958	501.5281017951521	-1
85	600	True	109.15904756010794	502.275800309442	-1
85	650	True	118.49944545007885	501.18002598474686	-1
85	700	True	127.76491718324084	500.1693120323783	-1
85	750	True	137.11149670595464	498.98549656262264	-1
85	800	True	146.3497042850377	497.4056142533082	-1
85	850	False	154.1353032681777	496.4782367372989	-1
85	850	False	154.1353032681777	496.4782367372989	-1
89	0	True	5.578406131133664	499.96334856534935	-1
89	50	True	11.944396822234259	500.7074999908548	-1
89	100	True	21.0232429377803	501.32182122009334	-1
89	150	True	30.251935321191336	501.6060367250216	-1
89	200	True	39.433446845343674	502.3300078730527	-1
89	250	True	48.684965356216715	502.84910109379797	-1
89	300	True	57.727869812064796	503.19476534110606	-1
89	350	True	66.8470001215553	501.98349535700095	-1
89	400	True	76.12579927052676	502.5137846296804	-1
89	450	True	85.36550110633038	503.4201464640399	-1
89	500	True	94.59972202890779	503.8766829401437	-1
89	550	True	103.5534045280584	506.3279964195868	-1
89	600	True	112.71619907367166	508.10170565254924	-1
89	650	True	122.05969585453278	508.0339935974616	-1
89	700	True	131.3910950048976	508.21745885455516	-1
89	750	True	140.62614002962863	509.4799259515658	-1
89	800	True	149.98213361009823	510.8137233847949	-1
89	850	False	158.6960452374117	512.1460031411317	-1
89	850	False	158.6960452374117	512.1460031411317	-1
91	0	True	5.096273345477072	500.17280924123804	-1
91	50	True	11.463189376077718	500.8441372168152	-1
91	100	True	20.397474928547844	501.0432278346854	-1
91	150	True	29.516653999702964	501.40692908355174	-1
91	200	True	38.61936587265009	501.29518481854603	-1
91	250	True	47.46666995719355	500.57285912489544	-1
91	300	True	56.64572944440665	501.0254868235483	-1
91	350	True	65.8571942415802	501.2750376060794	-1
91	400	True	75.01494079791676	501.3841928802325	-1
91	450	True	84.24908939199189	502.05560304587146	-1
91	500	True	93.52474575399434	503.12920049338294	-1
91	550	True	102.70859491710722	502.59154008602604	-1
91	600	True	111.79104959766799	504.08730115557097	-1
91	650	True	121.08351032351011	504.7234080381528	-1
91	700	True	130.40645908898915	504.9145687689516	-1
91	750	True	139.83176378141422	506.40569089265233	-1
91	800	True	149.10520581255213	508.40105509175277	-1
91	850	True	157.98758150034246	510.14352053682643	-1
91	900	False	165.80544001693326	510.9356184636517	-1
91	900	False	165.80544001693326	510.9356184636517	-1
98	0	True	4.487941675719288	499.5153899999138	-1
98	50	True	9.386823138198872	500.6989592078447	-1
98	100	True	18.452479698457115	500.17111802925325	-1
98	150	True	27.76646996164477	500.5751175882649	-1
98	200	True	36.99450995892292	501.9966174341579	-1
98	250	True	46.17525540215033	502.64547107058536	-1
98	300	True	55.523374954902614	503.4906451589469	-1
98	350	True	64.86754191557814	504.30781241780556	-1
98	400	True	73.9980637980295	505.98581788994676	-1
98	450	True	83.34883732722056	507.3416993860568	-1
98	500	True	92.71514487924924	508.550445528716	-1
98	550	True	102.14446344258843	509.8750163806409	-1
98	600	True	111.55550979435084	510.84227397141785	-1
98	650	True	120.95653747892219	511.1182608600831	-1
98	700	True	130.41915709970579	511.80633012534713	-1
98	750	True	139.33421931307055	513.7308549451083	-1
98	800	True	147.55452215612416	515.5689222930638	-1
98	850	False	154.13966296555188	516.8255685492217	-1
98	850	False	154.13966296555188	516.8255685492217	-1
96	0	True	5.55301758327829	499.6498510638918	-1
96	50	True	11.926331623119175	500.6482583717968	-1
96	100	True	21.00483019923412	500.88806866528137	-1
96	150	True	30.14504876097242	501.035614285524	-1
96	200	True	39.33340426099104	500.74927460380815	-1
96	250	True	48.506727804301676	501.05021538853504	-1
96	300	True	57.71266921320766	500.85022845730236	-1
96	350	True	66.94171611582298	500.59019612059313	-1
96	400	True	76.21307321219629	500.3183099654803	-1
96	450	True	85.56171574152933	499.8575960113305	-1
96	500	True	94.73550795466986	500.00941655438385	-1
96	550	True	103.798745314724	499.33522465583593	-1
96	600	True	113.1554792862519	499.1842217819625	-1
96	650	True	122.60837778284784	500.22145162815247	-1
96	700	True	131.9496504107389	501.60282407223076	-1
96	750	True	141.34359572210772	502.70254111812216	-1
96	800	False	149.09344413623475	502.99963804714565	-1
96	800	False	149.09344413623475	502.99963804714565	-1
97	0	True	5.268364279628332	499.89631167050027	-1
97	50	True	10.363606931170434	499.4377378482484	-1
97	100	True	19.327656740998904	498.0746662066677	-1
97	150	True	28.208565869133217	496.2972091865002	-1
97	200	True	37.46922428097846	496.22109105897766	-1
97	250	True	46.72494616839803	496.9970325170711	-1
97	300	True	56.00138139574396	496.53377384235506	-1
97	350	True	65.34921526540185	496.4023524727646	-1
97	400	True	74.60805655551557	496.77154535305806	-1
97	450	True	83.83895750944205	497.5922372245397	-1
97	500	True	93.01951419545625	496.4355711016702	-1
97	550	True	102.41318709063447	496.57932193957936	-1
97	600	True	111.6573380826506	497.20125203290576	-1
97	650	True	121.07854809121167	496.681599844417	-1
97	700	True	130.37487513514014	494.9009110281328	-1
97	750	True	139.67886456766564	493.72006233169367	-1
97	800	True	148.7801393347524	491.08624454028785	-1
97	850	True	157.13038726368228	487.6657972190871	-1
97	900	False	165.19070437469273	486.4338666050926	-1
97	900	False	165.19070437469273	486.4338666050926	-1
99	0	True	5.0749504898155084	500.5078756317564	-1
99	50	True	11.391178088573152	501.9056912079554	-1
99	100	True	20.318522799884875	502.3328743361173	-1
99	150	True	29.32133926636937	502.44733288361743	-1
99	200	True	38.437050785243635	501.8292959688236	-1
99	250	True	47.39067661658596	501.84619026335724	-1
99	300	True	56.71622264387419	500.9769728315024	-1
99	350	True	66.0736548493674	500.53866198508945	-1
99	400	True	75.22827064324154	500.2052707911181	-1
99	450	True	84.35761954686564	501.7092805091026	-1
99	500	True	93.62268317385991	501.67310087544683	-1
99	550	True	103.02828957639235	501.7509483190295	-1
99	600	True	112.36176582964978	500.83625698291894	-1
99	650	True	121.77404981650088	499.6049764426767	-1
99	700	True	130.94414019962764	497.53545794699284	-1
99	750	True	140.00269913293033	495.0512509612273	-1
99	800	False	148.87310250355085	493.80303768513573	-1
99	800	False	148.87310250355085	493.80303768513573	-1
